0110010  0.01
0110011  0.01
0110000  0.01
0011011  0.009
0100010  0.009
0011010  0.0085
0011000  0.0085
0000111  0.008
0000110  0.008
0001111  0.008
0001110  0.008
0001100  0.008
0001101  0.008
0000001  0.0075
0000000  0.0075
1111101  0.0075
1111100  0.0075
1111111  0.0075
1111110  0.0075
1110000  0.007
1110001  0.007
1110010  0.007
1110011  0.007
1100101  0.007
1100100  0.007
1011110  0.0065
1011111  0.0065
1011100  0.0065
1011101  0.0065
1011010  0.0065
1011011  0.0065
1011000  0.0065
1011001  0.0065
1100000  0.0065
1100001  0.0065
1010111  0.0065
1000111  0.006
1000110  0.006
1010010  0.006
1010011  0.006
1000101  0.006
1000100  0.006
1001000  0.006
1001001  0.006
1001010  0.006
1001011  0.006
01110111  0.0055
01110110  0.0055
1000001  0.0055
1000000  0.0055
01110101  0.0055
01110100  0.0055
01111001  0.0055
01111000  0.0055
01111010  0.0055
01111011  0.0055
01111101  0.0055
01110011  0.0055
01111100  0.0055
1000010  0.0055
01111111  0.0055
01011110  0.005
01011111  0.005
01011000  0.005
01011001  0.005
01110001  0.005
01110000  0.005
01011010  0.005
01011011  0.005
01100010  0.005
01110010  0.005
01101011  0.005
01101010  0.005
01101001  0.005
01101110  0.005
01101101  0.005
01100011  0.005
01101100  0.005
01000111  0.0045
01000110  0.0045
00111000  0.0045
01000001  0.0045
01000000  0.0045
00111111  0.0045
00111110  0.0045
01001101  0.0045
01000010  0.0045
01000011  0.0045
01001100  0.0045
00111101  0.0045
00110011  0.0045
00111100  0.0045
01001110  0.0045
01001111  0.0045
00111011  0.0045
00111010  0.0045
01001010  0.0045
01001000  0.0045
01001001  0.0045
00111001  0.0045
01001011  0.0045
00110010  0.004
00000110  0.004
00000111  0.004
00100100  0.004
00100101  0.004
00000100  0.004
00000101  0.004
00100110  0.004
00010010  0.004
00010011  0.004
00010001  0.004
00010000  0.004
00101101  0.004
00010111  0.004
00010110  0.004
00101111  0.004
00101110  0.004
00010100  0.004
00010101  0.004
00101001  0.004
00101000  0.004
11010101  0.0035
11101010  0.0035
11010100  0.0035
11101011  0.0035
11101000  0.0035
11101001  0.0035
11010001  0.0035
11010000  0.0035
11010111  0.0035
11010110  0.0035
11011110  0.0035
11011111  0.0035
11000101  0.0035
11011101  0.0035
11010011  0.0035
11011100  0.0035
11010010  0.0035
11011011  0.0035
11110011  0.0035
11011000  0.0035
11011001  0.0035
11110000  0.0035
11110001  0.0035
11000111  0.0035
11110010  0.0035
11000110  0.0035
11011010  0.0035
11110110  0.0035
11001111  0.0035
11110101  0.0035
11001110  0.0035
11110100  0.0035
11001101  0.0035
11001100  0.0035
11101110  0.0035
11101111  0.0035
11101101  0.0035
011111101  0.003
10011101  0.003
10011100  0.003
10011110  0.003
10000110  0.003
10011111  0.003
10011000  0.003
10011001  0.003
11000100  0.003
10011011  0.003
10011010  0.003
10000111  0.003
10100000  0.003
10100001  0.003
10101010  0.003
10101011  0.003
10101001  0.003
10101000  0.003
10100011  0.003
010100110  0.0025
010100111  0.0025
011111100  0.0025
010100000  0.0025
010100001  0.0025
010100011  0.0025
010101101  0.0025
010101100  0.0025
010100010  0.0025
011011110  0.0025
011011111  0.0025
010101110  0.0025
010101111  0.0025
010111011  0.0025
010111010  0.0025
010100100  0.0025
010111001  0.0025
010111000  0.0025
010100101  0.0025
010101000  0.0025
010101001  0.0025
011010001  0.0025
011010000  0.0025
010101011  0.0025
111101110  0.002
111101111  0.002
000010101  0.002
000010100  0.002
000010110  0.002
000010111  0.002
001010101  0.002
001010100  0.002
000010001  0.002
000010000  0.002
000010010  0.002
000010011  0.002
001010111  0.002
001010110  0.002
001000101  0.002
001000100  0.002
111011001  0.002
001000000  0.002
001000001  0.002
001000110  0.002
001000111  0.002
001011001  0.002
001011000  0.002
001001111  0.002
111011000  0.0015
101011011  0.0015
101011010  0.0015
0101010101  0.0015
101011000  0.0015
101011001  0.0015
101000100  0.0015
1010001011  0.001
0101010100  0.001
0010000111  0.001
0010000110  0.001
0010000101  0.001
0010000100  0.001
0010011101  0.001
1010001010  5.0E-4
00100111001  5.0E-4
00100111000  5.0E-4
