10100000  0.004201680672268907
10100001  0.004201680672268907
10000111  0.0035014005602240898
10001001  0.0035014005602240898
10001000  0.0035014005602240898
01110111  0.0028011204481792717
01110110  0.0028011204481792717
00100100  0.0028011204481792717
00100101  0.0028011204481792717
00110111  0.0028011204481792717
00110110  0.0028011204481792717
00100110  0.0028011204481792717
101110110  0.0028011204481792717
101110111  0.0028011204481792717
00111000  0.0028011204481792717
101110101  0.0028011204481792717
101110100  0.0028011204481792717
01110101  0.0028011204481792717
01110100  0.0028011204481792717
01111001  0.0028011204481792717
100110100  0.0021008403361344537
100110101  0.0021008403361344537
100110110  0.0021008403361344537
100110111  0.0021008403361344537
100100110  0.0021008403361344537
100100111  0.0021008403361344537
100111000  0.0021008403361344537
100111001  0.0021008403361344537
100100101  0.0021008403361344537
100100100  0.0021008403361344537
100111011  0.0021008403361344537
100111010  0.0021008403361344537
101001010  0.0021008403361344537
101001011  0.0021008403361344537
101001000  0.0021008403361344537
101001001  0.0021008403361344537
101011011  0.0021008403361344537
101011010  0.0021008403361344537
101000111  0.0021008403361344537
101000110  0.0021008403361344537
101011000  0.0021008403361344537
101011001  0.0021008403361344537
101000100  0.0021008403361344537
101000101  0.0021008403361344537
100011101  0.0021008403361344537
100011100  0.0021008403361344537
100011110  0.0021008403361344537
100011111  0.0021008403361344537
101010110  0.0021008403361344537
101010111  0.0021008403361344537
101010101  0.0021008403361344537
101010100  0.0021008403361344537
100101110  0.0021008403361344537
100101111  0.0021008403361344537
100001101  0.0021008403361344537
100110000  0.0021008403361344537
100110001  0.0021008403361344537
100110010  0.0021008403361344537
100111100  0.0021008403361344537
100110011  0.0021008403361344537
100111101  0.0021008403361344537
100111110  0.0021008403361344537
100111111  0.0021008403361344537
100100010  0.0021008403361344537
100100011  0.0021008403361344537
100101100  0.0021008403361344537
100101101  0.0021008403361344537
100100000  0.0021008403361344537
100100001  0.0021008403361344537
101001110  0.0021008403361344537
101001111  0.0021008403361344537
101001100  0.0021008403361344537
101001101  0.0021008403361344537
101010011  0.0021008403361344537
101010010  0.0021008403361344537
101010000  0.0021008403361344537
101010001  0.0021008403361344537
100010111  0.0021008403361344537
100010110  0.0021008403361344537
100010100  0.0021008403361344537
100010101  0.0021008403361344537
100101000  0.0021008403361344537
100101001  0.0021008403361344537
100101010  0.0021008403361344537
100101011  0.0021008403361344537
100011000  0.0021008403361344537
100011001  0.0021008403361344537
100011011  0.0021008403361344537
100011010  0.0021008403361344537
011011010  0.0014005602240896359
1101001011  0.0014005602240896359
1110000000  0.0014005602240896359
1111011101  0.0014005602240896359
1111010011  0.0014005602240896359
1111011100  0.0014005602240896359
1111010010  0.0014005602240896359
011011011  0.0014005602240896359
1110011111  0.0014005602240896359
1101001000  0.0014005602240896359
1101001001  0.0014005602240896359
010001000  0.0014005602240896359
010001001  0.0014005602240896359
1101001010  0.0014005602240896359
1111010001  0.0014005602240896359
1111010000  0.0014005602240896359
010011010  0.0014005602240896359
010011011  0.0014005602240896359
1110011101  0.0014005602240896359
1110010011  0.0014005602240896359
1110011100  0.0014005602240896359
1111000001  0.0014005602240896359
1111000000  0.0014005602240896359
011000100  0.0014005602240896359
1100001010  0.0014005602240896359
011000101  0.0014005602240896359
1100001011  0.0014005602240896359
1100001001  0.0014005602240896359
1111000010  0.0014005602240896359
1110011110  0.0014005602240896359
1110010001  0.0014005602240896359
1110010000  0.0014005602240896359
1111001101  0.0014005602240896359
1111000011  0.0014005602240896359
1111001100  0.0014005602240896359
011000110  0.0014005602240896359
011000111  0.0014005602240896359
1111001110  0.0014005602240896359
011011000  0.0014005602240896359
1110010010  0.0014005602240896359
011011001  0.0014005602240896359
1111001111  0.0014005602240896359
011001010  0.0014005602240896359
011001011  0.0014005602240896359
1101011000  0.0014005602240896359
1011010111  0.0014005602240896359
1101011001  0.0014005602240896359
1011010110  0.0014005602240896359
1101000111  0.0014005602240896359
1101000110  0.0014005602240896359
1100001000  0.0014005602240896359
1101011010  0.0014005602240896359
1011010101  0.0014005602240896359
1101011011  0.0014005602240896359
1011010100  0.0014005602240896359
1100011000  0.0014005602240896359
1100011001  0.0014005602240896359
1101000100  0.0014005602240896359
1101000101  0.0014005602240896359
010001011  0.0014005602240896359
010001010  0.0014005602240896359
1100000110  0.0014005602240896359
1100000111  0.0014005602240896359
1100011010  0.0014005602240896359
1100011011  0.0014005602240896359
011001001  0.0014005602240896359
011001000  0.0014005602240896359
1011011011  0.0014005602240896359
1011011010  0.0014005602240896359
000000000  0.0014005602240896359
000000001  0.0014005602240896359
1101010110  0.0014005602240896359
1101010111  0.0014005602240896359
1011011001  0.0014005602240896359
1011011000  0.0014005602240896359
1110101010  0.0014005602240896359
1110101011  0.0014005602240896359
1010111110  0.0014005602240896359
1010111111  0.0014005602240896359
010010110  0.0014005602240896359
1101110111  0.0014005602240896359
010010111  0.0014005602240896359
1101110110  0.0014005602240896359
000001110  0.0014005602240896359
1011000100  0.0014005602240896359
1010111100  0.0014005602240896359
1011000101  0.0014005602240896359
1010111101  0.0014005602240896359
1011000110  0.0014005602240896359
000001111  0.0014005602240896359
1101110101  0.0014005602240896359
1101110100  0.0014005602240896359
010010100  0.0014005602240896359
010010101  0.0014005602240896359
000000010  0.0014005602240896359
1011000111  0.0014005602240896359
000001101  0.0014005602240896359
000001100  0.0014005602240896359
000000011  0.0014005602240896359
1101010101  0.0014005602240896359
1101010100  0.0014005602240896359
010000100  0.0014005602240896359
010000101  0.0014005602240896359
001111110  0.0014005602240896359
001111111  0.0014005602240896359
010000110  0.0014005602240896359
010000111  0.0014005602240896359
010011001  0.0014005602240896359
1101111001  0.0014005602240896359
1101111000  0.0014005602240896359
001111101  0.0014005602240896359
001110010  0.0014005602240896359
001110011  0.0014005602240896359
001111100  0.0014005602240896359
1110001101  0.0014005602240896359
1110001111  0.0014005602240896359
1110001110  0.0014005602240896359
1011001001  0.0014005602240896359
1011001000  0.0014005602240896359
1101100111  0.0014005602240896359
1101100110  0.0014005602240896359
1101111010  0.0014005602240896359
010011000  0.0014005602240896359
1110000001  0.0014005602240896359
1011001010  0.0014005602240896359
1110001100  0.0014005602240896359
1110000011  0.0014005602240896359
1110000010  0.0014005602240896359
1011001011  0.0014005602240896359
1101100100  0.0014005602240896359
1101100101  0.0014005602240896359
1100101001  0.0014005602240896359
1100101000  0.0014005602240896359
001101010  0.0014005602240896359
001101011  0.0014005602240896359
011111101  0.0014005602240896359
011111100  0.0014005602240896359
1110110001  0.0014005602240896359
010111111  0.0014005602240896359
010111110  0.0014005602240896359
1110110010  0.0014005602240896359
1110110011  0.0014005602240896359
1110111100  0.0014005602240896359
010100000  0.0014005602240896359
000101011  0.0014005602240896359
010100001  0.0014005602240896359
000101010  0.0014005602240896359
1100101011  0.0014005602240896359
1100101010  0.0014005602240896359
1111110000  0.0014005602240896359
1111110001  0.0014005602240896359
1101111011  0.0014005602240896359
011111111  0.0014005602240896359
010111101  0.0014005602240896359
010111100  0.0014005602240896359
010110011  0.0014005602240896359
010110010  0.0014005602240896359
1110110000  0.0014005602240896359
011111110  0.0014005602240896359
1111110010  0.0014005602240896359
010100011  0.0014005602240896359
000101000  0.0014005602240896359
000101001  0.0014005602240896359
010101101  0.0014005602240896359
010100010  0.0014005602240896359
010101100  0.0014005602240896359
011100000  0.0014005602240896359
1101101011  0.0014005602240896359
1101101010  0.0014005602240896359
010110001  0.0014005602240896359
010110000  0.0014005602240896359
1101101001  0.0014005602240896359
011100001  0.0014005602240896359
010101110  0.0014005602240896359
010101111  0.0014005602240896359
000010101  0.0014005602240896359
000010100  0.0014005602240896359
001111011  0.0014005602240896359
1101101000  0.0014005602240896359
1110111101  0.0014005602240896359
1110111110  0.0014005602240896359
1110111111  0.0014005602240896359
001111010  0.0014005602240896359
000010110  0.0014005602240896359
1110101100  0.0014005602240896359
1110100011  0.0014005602240896359
1110101101  0.0014005602240896359
000010111  0.0014005602240896359
1110100010  0.0014005602240896359
1111100000  0.0014005602240896359
001010101  0.0014005602240896359
001010100  0.0014005602240896359
1110100000  0.0014005602240896359
1110100001  0.0014005602240896359
1111100010  0.0014005602240896359
1111100011  0.0014005602240896359
1111101100  0.0014005602240896359
1111100001  0.0014005602240896359
1111111100  0.0014005602240896359
1111110011  0.0014005602240896359
1111111101  0.0014005602240896359
000000100  0.0014005602240896359
000000101  0.0014005602240896359
1111111110  0.0014005602240896359
1110101111  0.0014005602240896359
1111111111  0.0014005602240896359
1110101110  0.0014005602240896359
001101000  0.0014005602240896359
011110001  0.0014005602240896359
011110000  0.0014005602240896359
001101001  0.0014005602240896359
001010111  0.0014005602240896359
001010110  0.0014005602240896359
1011100100  0.0014005602240896359
1100110101  0.0014005602240896359
001000101  0.0014005602240896359
1100110100  0.0014005602240896359
001000100  0.0014005602240896359
1011100111  0.0014005602240896359
1011100110  0.0014005602240896359
1100110110  0.0014005602240896359
1100110111  0.0014005602240896359
1100000100  0.0014005602240896359
1100000101  0.0014005602240896359
1011111000  0.0014005602240896359
1000000000  7.002801120448179E-4
0101110001  7.002801120448179E-4
0101110000  7.002801120448179E-4
0100111101  7.002801120448179E-4
0100111100  7.002801120448179E-4
1000000011  7.002801120448179E-4
1000000010  7.002801120448179E-4
1000001100  7.002801120448179E-4
11101110111  7.002801120448179E-4
11101110110  7.002801120448179E-4
1000000001  7.002801120448179E-4
0100111111  7.002801120448179E-4
0100111110  7.002801120448179E-4
10111100111  7.002801120448179E-4
10111100110  7.002801120448179E-4
11011011011  7.002801120448179E-4
1000001110  7.002801120448179E-4
1000001111  7.002801120448179E-4
11101110100  7.002801120448179E-4
1000001101  7.002801120448179E-4
11100110111  7.002801120448179E-4
11101110101  7.002801120448179E-4
11100110110  7.002801120448179E-4
11011011010  7.002801120448179E-4
10111111000  7.002801120448179E-4
10111111001  7.002801120448179E-4
0010001111  7.002801120448179E-4
0010001110  7.002801120448179E-4
11011011001  7.002801120448179E-4
11011011000  7.002801120448179E-4
10111111011  7.002801120448179E-4
0000110101  7.002801120448179E-4
10111111010  7.002801120448179E-4
0000110100  7.002801120448179E-4
0010001101  7.002801120448179E-4
10110100101  7.002801120448179E-4
10110100100  7.002801120448179E-4
11011000111  7.002801120448179E-4
11011000110  7.002801120448179E-4
10111100101  7.002801120448179E-4
0100100011  7.002801120448179E-4
10111100100  7.002801120448179E-4
0011000010  7.002801120448179E-4
0011000001  7.002801120448179E-4
0011000000  7.002801120448179E-4
10110111010  7.002801120448179E-4
0100100001  7.002801120448179E-4
0100100000  7.002801120448179E-4
0011001110  7.002801120448179E-4
0011001101  7.002801120448179E-4
0011001100  7.002801120448179E-4
0011000011  7.002801120448179E-4
10111110111  7.002801120448179E-4
0100100010  7.002801120448179E-4
10111110110  7.002801120448179E-4
10110111011  7.002801120448179E-4
10110100110  7.002801120448179E-4
10110100111  7.002801120448179E-4
0101110010  7.002801120448179E-4
0101110011  7.002801120448179E-4
0011001111  7.002801120448179E-4
10110111001  7.002801120448179E-4
10110111000  7.002801120448179E-4
11101101010  7.002801120448179E-4
0001100111  7.002801120448179E-4
0001100110  7.002801120448179E-4
11110001110  7.002801120448179E-4
11001111111  7.002801120448179E-4
11001111110  7.002801120448179E-4
11110001111  7.002801120448179E-4
11101101011  7.002801120448179E-4
11001111100  7.002801120448179E-4
11001110010  7.002801120448179E-4
11001110011  7.002801120448179E-4
11001111101  7.002801120448179E-4
11110001101  7.002801120448179E-4
11110001100  7.002801120448179E-4
11101101001  7.002801120448179E-4
11101101000  7.002801120448179E-4
11001100000  7.002801120448179E-4
11001100001  7.002801120448179E-4
0001111011  7.002801120448179E-4
11000000001  7.002801120448179E-4
0101101110  7.002801120448179E-4
11000000000  7.002801120448179E-4
0101101111  7.002801120448179E-4
11000000010  7.002801120448179E-4
0001100101  7.002801120448179E-4
0001100100  7.002801120448179E-4
0001111010  7.002801120448179E-4
0001111001  7.002801120448179E-4
0001111000  7.002801120448179E-4
0101101101  7.002801120448179E-4
11111101100  7.002801120448179E-4
11000000011  7.002801120448179E-4
11111101101  7.002801120448179E-4
0101101100  7.002801120448179E-4
0010001100  7.002801120448179E-4
0101010111  7.002801120448179E-4
0010000011  7.002801120448179E-4
0010000010  7.002801120448179E-4
0101010110  7.002801120448179E-4
11010011001  7.002801120448179E-4
11010011000  7.002801120448179E-4
0111110100  7.002801120448179E-4
0111110101  7.002801120448179E-4
0001110101  7.002801120448179E-4
0001110100  7.002801120448179E-4
0010000001  7.002801120448179E-4
11010000110  7.002801120448179E-4
0101010100  7.002801120448179E-4
0010000000  7.002801120448179E-4
0101010101  7.002801120448179E-4
1000010001  7.002801120448179E-4
1000010000  7.002801120448179E-4
11010011011  7.002801120448179E-4
11010011010  7.002801120448179E-4
0111110110  7.002801120448179E-4
0111110111  7.002801120448179E-4
11100110101  7.002801120448179E-4
11100110100  7.002801120448179E-4
1000010010  7.002801120448179E-4
11010000111  7.002801120448179E-4
11101010001  7.002801120448179E-4
11101010000  7.002801120448179E-4
10111101001  7.002801120448179E-4
10111101000  7.002801120448179E-4
1000010011  7.002801120448179E-4
0010011111  7.002801120448179E-4
11111110000  7.002801120448179E-4
11111110001  7.002801120448179E-4
11001110001  7.002801120448179E-4
11001110000  7.002801120448179E-4
11010000100  7.002801120448179E-4
11010000101  7.002801120448179E-4
11101010010  7.002801120448179E-4
11101010011  7.002801120448179E-4
10111101011  7.002801120448179E-4
0010011101  7.002801120448179E-4
0010011100  7.002801120448179E-4
11111110010  7.002801120448179E-4
0010011110  7.002801120448179E-4
11111110011  7.002801120448179E-4
0001110110  7.002801120448179E-4
0001110111  7.002801120448179E-4
10111101010  7.002801120448179E-4
0011101101  7.002801120448179E-4
11011111010  7.002801120448179E-4
11011111011  7.002801120448179E-4
0000010100  7.002801120448179E-4
0000010101  7.002801120448179E-4
0100000001  7.002801120448179E-4
0100000000  7.002801120448179E-4
10111001010  7.002801120448179E-4
0011101110  7.002801120448179E-4
10111001011  7.002801120448179E-4
0011101111  7.002801120448179E-4
11010111011  7.002801120448179E-4
11010111010  7.002801120448179E-4
0000010110  7.002801120448179E-4
0000010111  7.002801120448179E-4
0100000010  7.002801120448179E-4
0100000011  7.002801120448179E-4
0011101100  7.002801120448179E-4
11011100100  7.002801120448179E-4
11011100101  7.002801120448179E-4
0101001101  7.002801120448179E-4
0101001100  7.002801120448179E-4
0010100010  7.002801120448179E-4
0010100011  7.002801120448179E-4
11011100111  7.002801120448179E-4
11110010001  7.002801120448179E-4
11110010000  7.002801120448179E-4
11011111000  7.002801120448179E-4
11011111001  7.002801120448179E-4
11100001000  7.002801120448179E-4
11100001001  7.002801120448179E-4
11011100110  7.002801120448179E-4
11111101110  7.002801120448179E-4
0111101000  7.002801120448179E-4
0001101001  7.002801120448179E-4
0010111110  7.002801120448179E-4
11100001010  7.002801120448179E-4
0010111111  7.002801120448179E-4
11111010001  7.002801120448179E-4
11111010000  7.002801120448179E-4
11110010011  7.002801120448179E-4
11110010010  7.002801120448179E-4
0011110010  7.002801120448179E-4
11100010110  7.002801120448179E-4
11100010111  7.002801120448179E-4
11000011110  7.002801120448179E-4
11000011111  7.002801120448179E-4
0011110000  7.002801120448179E-4
0011110001  7.002801120448179E-4
11101001000  7.002801120448179E-4
11101001001  7.002801120448179E-4
0110000100  7.002801120448179E-4
11100001011  7.002801120448179E-4
0010111101  7.002801120448179E-4
0110000101  7.002801120448179E-4
0001101011  7.002801120448179E-4
0001101010  7.002801120448179E-4
11111101111  7.002801120448179E-4
0111101011  7.002801120448179E-4
0111101010  7.002801120448179E-4
0010110010  7.002801120448179E-4
11001100011  7.002801120448179E-4
0010110011  7.002801120448179E-4
0010111100  7.002801120448179E-4
11100010101  7.002801120448179E-4
11001011100  7.002801120448179E-4
11001011101  7.002801120448179E-4
11100010100  7.002801120448179E-4
0111000101  7.002801120448179E-4
0111000100  7.002801120448179E-4
0101001111  7.002801120448179E-4
0101001110  7.002801120448179E-4
0011110011  7.002801120448179E-4
0010100000  7.002801120448179E-4
0010100001  7.002801120448179E-4
0010110001  7.002801120448179E-4
11001100010  7.002801120448179E-4
0111101001  7.002801120448179E-4
11010111000  7.002801120448179E-4
11111011110  7.002801120448179E-4
11010111001  7.002801120448179E-4
11111011111  7.002801120448179E-4
0110011011  7.002801120448179E-4
11010100111  7.002801120448179E-4
11010100110  7.002801120448179E-4
11111010010  7.002801120448179E-4
11111011100  7.002801120448179E-4
11111011101  7.002801120448179E-4
11111010011  7.002801120448179E-4
11010100101  7.002801120448179E-4
0110011000  7.002801120448179E-4
0110011001  7.002801120448179E-4
11000011100  7.002801120448179E-4
11000011101  7.002801120448179E-4
11101001010  7.002801120448179E-4
0110011010  7.002801120448179E-4
11101001011  7.002801120448179E-4
11010100100  7.002801120448179E-4
0110000111  7.002801120448179E-4
0110000110  7.002801120448179E-4
0001101000  7.002801120448179E-4
0000111011  7.002801120448179E-4
0000111010  7.002801120448179E-4
0110111011  7.002801120448179E-4
0110111010  7.002801120448179E-4
11111001101  7.002801120448179E-4
11111001100  7.002801120448179E-4
0110111001  7.002801120448179E-4
11001000010  7.002801120448179E-4
11001001100  7.002801120448179E-4
11001000011  7.002801120448179E-4
11001001101  7.002801120448179E-4
0000111001  7.002801120448179E-4
11110111110  7.002801120448179E-4
0110111000  7.002801120448179E-4
0000100111  7.002801120448179E-4
11000100001  7.002801120448179E-4
0001011010  7.002801120448179E-4
0001011011  7.002801120448179E-4
11111001110  7.002801120448179E-4
11111001111  7.002801120448179E-4
11000100000  7.002801120448179E-4
11110111111  7.002801120448179E-4
11001000000  7.002801120448179E-4
11001000001  7.002801120448179E-4
0010110000  7.002801120448179E-4
11100101001  7.002801120448179E-4
0001011001  7.002801120448179E-4
11001011111  7.002801120448179E-4
11000101101  7.002801120448179E-4
11110110010  7.002801120448179E-4
0001011000  7.002801120448179E-4
11001011110  7.002801120448179E-4
0111000111  7.002801120448179E-4
0111000110  7.002801120448179E-4
11000100010  7.002801120448179E-4
11000100011  7.002801120448179E-4
11000101100  7.002801120448179E-4
11110111100  7.002801120448179E-4
11110110011  7.002801120448179E-4
11110111101  7.002801120448179E-4
0001000110  7.002801120448179E-4
11100101000  7.002801120448179E-4
0001000111  7.002801120448179E-4
0110101001  7.002801120448179E-4
0110101000  7.002801120448179E-4
11011000101  7.002801120448179E-4
11000101111  7.002801120448179E-4
11011000100  7.002801120448179E-4
11110110000  7.002801120448179E-4
11000101110  7.002801120448179E-4
11110110001  7.002801120448179E-4
11100101011  7.002801120448179E-4
0001000100  7.002801120448179E-4
11100101010  7.002801120448179E-4
0001000101  7.002801120448179E-4
0110101011  7.002801120448179E-4
0110101010  7.002801120448179E-4
10101110110  7.002801120448179E-4
0000110111  7.002801120448179E-4
0000110110  7.002801120448179E-4
10101110111  7.002801120448179E-4
0100011101  7.002801120448179E-4
0100011100  7.002801120448179E-4
10110011010  7.002801120448179E-4
10110011011  7.002801120448179E-4
0001001011  7.002801120448179E-4
11110101110  7.002801120448179E-4
11110101111  7.002801120448179E-4
10101110101  7.002801120448179E-4
10101110100  7.002801120448179E-4
10110000111  7.002801120448179E-4
10110000110  7.002801120448179E-4
0110100100  7.002801120448179E-4
11110101101  7.002801120448179E-4
0110100101  7.002801120448179E-4
0001001010  7.002801120448179E-4
0100011111  7.002801120448179E-4
0100011110  7.002801120448179E-4
0000100100  7.002801120448179E-4
0000100101  7.002801120448179E-4
0111001010  7.002801120448179E-4
0111001000  7.002801120448179E-4
0111001001  7.002801120448179E-4
10110011000  7.002801120448179E-4
0000100110  7.002801120448179E-4
10110011001  7.002801120448179E-4
0001001000  7.002801120448179E-4
0001001001  7.002801120448179E-4
11000111101  7.002801120448179E-4
0110100110  7.002801120448179E-4
11110101100  7.002801120448179E-4
11000111100  7.002801120448179E-4
10110000101  7.002801120448179E-4
10110000100  7.002801120448179E-4
0110100111  7.002801120448179E-4
0000111000  7.002801120448179E-4
11000111110  7.002801120448179E-4
0111001011  7.002801120448179E-4
11001001110  7.002801120448179E-4
11001001111  7.002801120448179E-4
11000111111  7.002801120448179E-4
0100100100  7.002801120448179E-4
10111101101  7.002801120448179E-4
1000011001  7.002801120448179E-4
10111101100  7.002801120448179E-4
10111100011  7.002801120448179E-4
0100100101  7.002801120448179E-4
10111100010  7.002801120448179E-4
0011001011  7.002801120448179E-4
0011001010  7.002801120448179E-4
11101110001  7.002801120448179E-4
11101110000  7.002801120448179E-4
1000000111  7.002801120448179E-4
11100110011  7.002801120448179E-4
11100110010  7.002801120448179E-4
0011001001  7.002801120448179E-4
10111101111  7.002801120448179E-4
10111101110  7.002801120448179E-4
10110100011  7.002801120448179E-4
10110100010  7.002801120448179E-4
0101110111  7.002801120448179E-4
0101110110  7.002801120448179E-4
0101110100  7.002801120448179E-4
0101110101  7.002801120448179E-4
11010000010  7.002801120448179E-4
11010000011  7.002801120448179E-4
10111100001  7.002801120448179E-4
10111100000  7.002801120448179E-4
1000001000  7.002801120448179E-4
1000001001  7.002801120448179E-4
11100110001  7.002801120448179E-4
11100110000  7.002801120448179E-4
11100101101  7.002801120448179E-4
11100101100  7.002801120448179E-4
1000001010  7.002801120448179E-4
1000001011  7.002801120448179E-4
0011000111  7.002801120448179E-4
11110110110  7.002801120448179E-4
0011000110  7.002801120448179E-4
11110110111  7.002801120448179E-4
10111110010  7.002801120448179E-4
10111111101  7.002801120448179E-4
10111110011  7.002801120448179E-4
10111111100  7.002801120448179E-4
10110111111  7.002801120448179E-4
10110111110  7.002801120448179E-4
11100101111  7.002801120448179E-4
11110110101  7.002801120448179E-4
11011000001  7.002801120448179E-4
11011000000  7.002801120448179E-4
11110110100  7.002801120448179E-4
10111111110  7.002801120448179E-4
11100101110  7.002801120448179E-4
10111111111  7.002801120448179E-4
10110111101  7.002801120448179E-4
10110111100  7.002801120448179E-4
0100111010  7.002801120448179E-4
11011000010  7.002801120448179E-4
10110100000  7.002801120448179E-4
10110100001  7.002801120448179E-4
0100111001  7.002801120448179E-4
0100111000  7.002801120448179E-4
11011000011  7.002801120448179E-4
0100100111  7.002801120448179E-4
0100100110  7.002801120448179E-4
0011001000  7.002801120448179E-4
11101110010  7.002801120448179E-4
11101110011  7.002801120448179E-4
0100111011  7.002801120448179E-4
11001100100  7.002801120448179E-4
11001100101  7.002801120448179E-4
0001111111  7.002801120448179E-4
0001111110  7.002801120448179E-4
0000001111  7.002801120448179E-4
0101101011  7.002801120448179E-4
0101101010  7.002801120448179E-4
0001100001  7.002801120448179E-4
0001100000  7.002801120448179E-4
0001110011  7.002801120448179E-4
0001111100  7.002801120448179E-4
0001110010  7.002801120448179E-4
0001111101  7.002801120448179E-4
0110000011  7.002801120448179E-4
0001100010  7.002801120448179E-4
0101101000  7.002801120448179E-4
0101101001  7.002801120448179E-4
11110001011  7.002801120448179E-4
11110001010  7.002801120448179E-4
11001111010  7.002801120448179E-4
11000011010  7.002801120448179E-4
11000011011  7.002801120448179E-4
11001111011  7.002801120448179E-4
10111000101  7.002801120448179E-4
11101101111  7.002801120448179E-4
11101101110  7.002801120448179E-4
10111000100  7.002801120448179E-4
0000001110  7.002801120448179E-4
0111101110  7.002801120448179E-4
11001100110  7.002801120448179E-4
11001100111  7.002801120448179E-4
1000010101  7.002801120448179E-4
11110001000  7.002801120448179E-4
1000010100  7.002801120448179E-4
11001111001  7.002801120448179E-4
11001111000  7.002801120448179E-4
11110001001  7.002801120448179E-4
0111101101  7.002801120448179E-4
0111101100  7.002801120448179E-4
11101101101  7.002801120448179E-4
0000001100  7.002801120448179E-4
10111000110  7.002801120448179E-4
11101101100  7.002801120448179E-4
0000001101  7.002801120448179E-4
10111000111  7.002801120448179E-4
11010000000  7.002801120448179E-4
1000010111  7.002801120448179E-4
1000010110  7.002801120448179E-4
11111110100  7.002801120448179E-4
11111110101  7.002801120448179E-4
11001110100  7.002801120448179E-4
11001110101  7.002801120448179E-4
11010000001  7.002801120448179E-4
11111110110  7.002801120448179E-4
11111110111  7.002801120448179E-4
0010000111  7.002801120448179E-4
0010000110  7.002801120448179E-4
0101010010  7.002801120448179E-4
0101010011  7.002801120448179E-4
11010011101  7.002801120448179E-4
11010011100  7.002801120448179E-4
0111110000  7.002801120448179E-4
0111110001  7.002801120448179E-4
0001110000  7.002801120448179E-4
0001110001  7.002801120448179E-4
0010000101  7.002801120448179E-4
0010000100  7.002801120448179E-4
0101010001  7.002801120448179E-4
0101010000  7.002801120448179E-4
1000000110  7.002801120448179E-4
11010011111  7.002801120448179E-4
11010011110  7.002801120448179E-4
0111110010  7.002801120448179E-4
0111110011  7.002801120448179E-4
1000000101  7.002801120448179E-4
11001110111  7.002801120448179E-4
1000000100  7.002801120448179E-4
11001110110  7.002801120448179E-4
1000011000  7.002801120448179E-4
11011100001  7.002801120448179E-4
0100011011  7.002801120448179E-4
0100011010  7.002801120448179E-4
11010100010  7.002801120448179E-4
11010100011  7.002801120448179E-4
11011100000  7.002801120448179E-4
11110010101  7.002801120448179E-4
11110010100  7.002801120448179E-4
11010100001  7.002801120448179E-4
11010100000  7.002801120448179E-4
11100001101  7.002801120448179E-4
11100001100  7.002801120448179E-4
11011100010  7.002801120448179E-4
11011100011  7.002801120448179E-4
11111010101  7.002801120448179E-4
11111010100  7.002801120448179E-4
11110010111  7.002801120448179E-4
11110010110  7.002801120448179E-4
11011111110  7.002801120448179E-4
11100010010  7.002801120448179E-4
11100010011  7.002801120448179E-4
11011111111  7.002801120448179E-4
11101001100  7.002801120448179E-4
11101001101  7.002801120448179E-4
11100001110  7.002801120448179E-4
11100001111  7.002801120448179E-4
11100010000  7.002801120448179E-4
11100010001  7.002801120448179E-4
11110101010  7.002801120448179E-4
11110101011  7.002801120448179E-4
11010111100  7.002801120448179E-4
0001011100  7.002801120448179E-4
0010100101  7.002801120448179E-4
0001011101  7.002801120448179E-4
0110011110  7.002801120448179E-4
0110011111  7.002801120448179E-4
0101001001  7.002801120448179E-4
0101001000  7.002801120448179E-4
11000101001  7.002801120448179E-4
0010100110  7.002801120448179E-4
11000101000  7.002801120448179E-4
0010100111  7.002801120448179E-4
11010111101  7.002801120448179E-4
11000000101  7.002801120448179E-4
0111101111  7.002801120448179E-4
11000000100  7.002801120448179E-4
10111000000  7.002801120448179E-4
10111000001  7.002801120448179E-4
11111101000  7.002801120448179E-4
11111010111  7.002801120448179E-4
11111010110  7.002801120448179E-4
0110011101  7.002801120448179E-4
0110011100  7.002801120448179E-4
11000011000  7.002801120448179E-4
11000011001  7.002801120448179E-4
11000101010  7.002801120448179E-4
11011111100  7.002801120448179E-4
11011111101  7.002801120448179E-4
11101001110  7.002801120448179E-4
11101001111  7.002801120448179E-4
11000101011  7.002801120448179E-4
10111000010  7.002801120448179E-4
11000000111  7.002801120448179E-4
11111101001  7.002801120448179E-4
10111000011  7.002801120448179E-4
11000000110  7.002801120448179E-4
11111101010  7.002801120448179E-4
11111101011  7.002801120448179E-4
0001101101  7.002801120448179E-4
0001101100  7.002801120448179E-4
0001100011  7.002801120448179E-4
0010111011  7.002801120448179E-4
0110000010  7.002801120448179E-4
0010111010  7.002801120448179E-4
0000010000  7.002801120448179E-4
0000010001  7.002801120448179E-4
0110000001  7.002801120448179E-4
0110000000  7.002801120448179E-4
0001101110  7.002801120448179E-4
0001101111  7.002801120448179E-4
11010111110  7.002801120448179E-4
0010111000  7.002801120448179E-4
11010111111  7.002801120448179E-4
0010111001  7.002801120448179E-4
0000010010  7.002801120448179E-4
0000010011  7.002801120448179E-4
0101001011  7.002801120448179E-4
0101001010  7.002801120448179E-4
0010100100  7.002801120448179E-4
11111011010  7.002801120448179E-4
0110100001  7.002801120448179E-4
11000111000  7.002801120448179E-4
11111011011  7.002801120448179E-4
0000100001  7.002801120448179E-4
11000100111  7.002801120448179E-4
11001011010  7.002801120448179E-4
11001011011  7.002801120448179E-4
0111001101  7.002801120448179E-4
0111001100  7.002801120448179E-4
0000100010  7.002801120448179E-4
0000100011  7.002801120448179E-4
11000100110  7.002801120448179E-4
10110011100  7.002801120448179E-4
10110011101  7.002801120448179E-4
0001000010  7.002801120448179E-4
0001001100  7.002801120448179E-4
0001000011  7.002801120448179E-4
0110100010  7.002801120448179E-4
0001001101  7.002801120448179E-4
0110100011  7.002801120448179E-4
11000111001  7.002801120448179E-4
0110101100  7.002801120448179E-4
0110101101  7.002801120448179E-4
11000111011  7.002801120448179E-4
11000111010  7.002801120448179E-4
0111001110  7.002801120448179E-4
0111001111  7.002801120448179E-4
0110111111  7.002801120448179E-4
0000100000  7.002801120448179E-4
0001000000  7.002801120448179E-4
10111110100  7.002801120448179E-4
0001000001  7.002801120448179E-4
0110101111  7.002801120448179E-4
10111110101  7.002801120448179E-4
0110101110  7.002801120448179E-4
0110111110  7.002801120448179E-4
0110111101  7.002801120448179E-4
0110111100  7.002801120448179E-4
11001000110  7.002801120448179E-4
0010110111  7.002801120448179E-4
11001000111  7.002801120448179E-4
0010110110  7.002801120448179E-4
0001011111  7.002801120448179E-4
11001011001  7.002801120448179E-4
0001011110  7.002801120448179E-4
11001011000  7.002801120448179E-4
0011000101  7.002801120448179E-4
0011000100  7.002801120448179E-4
0010110100  7.002801120448179E-4
11001000100  7.002801120448179E-4
0010110101  7.002801120448179E-4
11001000101  7.002801120448179E-4
10110000011  7.002801120448179E-4
10110000010  7.002801120448179E-4
11011011111  7.002801120448179E-4
11011011110  7.002801120448179E-4
11110101000  7.002801120448179E-4
11110101001  7.002801120448179E-4
10110000001  7.002801120448179E-4
10110000000  7.002801120448179E-4
0000110010  7.002801120448179E-4
11001001010  7.002801120448179E-4
11011011100  7.002801120448179E-4
11011011101  7.002801120448179E-4
11001001011  7.002801120448179E-4
0000110001  7.002801120448179E-4
0000110000  7.002801120448179E-4
0000111110  7.002801120448179E-4
11111001000  7.002801120448179E-4
11111001001  7.002801120448179E-4
11001001000  7.002801120448179E-4
0100000100  7.002801120448179E-4
10101110011  7.002801120448179E-4
11001001001  7.002801120448179E-4
0100000101  7.002801120448179E-4
10101110010  7.002801120448179E-4
0000111101  7.002801120448179E-4
0000110011  7.002801120448179E-4
0000111100  7.002801120448179E-4
0011101011  7.002801120448179E-4
0011101010  7.002801120448179E-4
0100011001  7.002801120448179E-4
0100011000  7.002801120448179E-4
11000100100  7.002801120448179E-4
11000100101  7.002801120448179E-4
11111001010  7.002801120448179E-4
11111001011  7.002801120448179E-4
10110011110  7.002801120448179E-4
10110011111  7.002801120448179E-4
0001001110  7.002801120448179E-4
0100000111  7.002801120448179E-4
10101110000  7.002801120448179E-4
0001001111  7.002801120448179E-4
0110100000  7.002801120448179E-4
0100000110  7.002801120448179E-4
0000111111  7.002801120448179E-4
0011101000  7.002801120448179E-4
0011101001  7.002801120448179E-4
10101110001  7.002801120448179E-4
