26416
23430
32320
10240
432
11264
15028
15648
4864
9664
2048
31928
28672
864
16336
18902
28160
11264
24256
14476
20784
25936
2048
21834
30720
28160
28928
14878
17500
22656
24896
20070
2048
32624
5120
19644
16892
18840
23040
5120
1408
18548
6144
24560
15424
19196
25088
21768
30720
14048
6144
14796
22208
14654
18856
23552
11040
21316
29312
20152
30720
32352
22656
17038
29696
26000
5120
19164
23368
13882
30720
28672
18958
17004
18246
22292
24416
29696
19354
24800
20928
6144
29312
11264
22742
27968
25088
20612
16740
19428
31820
30720
21430
23440
28160
9088
18302
29312
19764
16084
9696
6144
26816
29312
14858
26064
2048
25344
648
29696
16196
14962
29696
6144
16204
5120
30208
752
30464
25992
5120
29648
6144
23552
32144
29184
6144
20476
25648
2048
20016
1408
13056
4736
13748
30720
32352
21130
5120
1408
30720
5120
12736
20564
11264
23072
19492
17226
18578
6144
26816
16810
28000
27648
32404
11136
22702
2048
20016
11264
800
12832
6144
26496
16488
24480
28160
26784
25872
32116
25648
16076
26784
17290
30720
2048
11264
22864
4608
23552
22300
27648
6144
29648
30464
17808
30720
16158
5120
21356
22144
10240
27648
11024
5120
15672
27392
27648
4288
18208
18532
19880
31744
30280
31880
24480
29536
22500
6144
29696
6144
16204
20000
19498
27968
30464
10848
10880
19842
13056
22136
8448
27008
2048
32000
32656
12604
2048
18836
32488
20954
30720
15508
18176
28672
26656
30464
8256
31848
13024
2048
25344
26000
30720
2048
25344
20146
20250
24832
29312
22484
20912
29696
32224
29184
6144
11264
18932
29312
8192
4416
27392
16512
17600
16036
22686
1536
25008
30720
1536
22520
4480
23552
4096
8320
20016
31864
20254
21956
32728
26240
27648
6144
17474
15610
16360
6144
32496
6144
29696
6144
16704
26240
10880
9664
2048
19182
4640
26240
13440
30400
2048
23260
26520
22368
30720
29696
6144
30464
9984
28160
25344
26000
28672
9552
16444
6144
27008
13312
23552
560
14826
23552
30464
26064
18444
17896
20908
8960
29648
2048
12288
17694
24400
2048
11264
16620
14268
6144
10240
14056
28160
25888
5120
11264
32696
6144
9728
17914
112
13714
30720
32352
30464
8256
17892
2048
19960
13024
32568
6144
23552
25696
17834
20262
25088
30720
14360
24832
26240
27648
6144
16652
2048
26000
30720
2048
16716
30720
18016
20364
9088
12832
13056
22438
8832
14052
32016
23552
29312
32588
19520
27392
13698
6144
23552
23272
17234
27392
17160
5120
24160
21880
29696
19264
6144
15120
2048
20016
26880
6144
20776
6144
29312
10048
6144
28672
26600
22500
30720
24960
15036
13986
5120
28928
23390
23152
28160
4224
22856
24192
17750
27904
27392
23552
14334
10240
18420
28672
12288
25952
19086
22520
2048
27648
6144
9600
10240
16848
15252
11264
31812
20230
18532
5120
27648
6144
10240
22540
22208
6144
20798
28160
8768
20048
13988
18440
22580
4160
15494
19312
30720
15302
14980
23134
11264
16314
6144
26544
8992
26816
21458
30720
21156
23552
26816
18780
29696
15012
5120
30320
15856
32748
26880
2048
25872
13770
26640
22392
15584
13750
19768
8320
15000
19104
8320
15848
17408
19582
1536
4160
23552
16042
5120
11264
17068
21670
15480
26880
16780
15132
25280
1536
17146
20912
20424
9728
14486
19114
17182
26240
24128
336
30720
26240
19586
16126
28000
23552
26752
25088
17308
22100
6144
11264
6144
10240
22282
27392
28928
20450
30720
26240
25536
18418
6144
23552
26240
2048
14010
27648
6144
25504
20728
15362
21822
17984
4608
22392
19312
19634
30720
16700
12640
28672
12288
20686
18694
2048
26168
12288
25088
23446
23552
27392
23192
15030
2048
23552
32444
24560
11264
13780
29696
17844
22464
32032
29664
11264
13592
30720
992
5120
26600
19124
19880
28032
27648
4288
17840
29696
24448
2048
26656
6144
17172
25216
11264
32704
2048
13056
21414
14758
30720
2048
13056
19416
19922
30720
32352
30464
11024
5120
32628
24832
17600
27648
6144
30464
32184
25472
21340
13684
32568
22808
2048
6144
31960
23552
11264
13850
21348
18176
5120
26656
10864
28928
15828
13056
32748
4864
24480
2048
26656
6144
22468
8192
16212
24896
17408
2048
24224
21086
30720
4352
30464
8256
20790
6144
23444
13024
20392
26240
10880
456
2048
10880
24736
21024
4864
18192
2048
19430
30400
2048
29536
16716
29696
4288
13860
19564
2048
11264
20752
2048
25344
24320
28160
11264
15406
30720
12640
25344
24320
29280
12288
22644
2048
28928
20752
28672
15396
28160
29696
20238
30720
16760
28160
29696
22308
25728
23552
10240
27648
6144
16012
8320
27648
6144
32544
6144
30208
24992
6144
296
26880
22348
29312
32424
8320
11040
27008
28160
11264
19408
10112
28160
12736
18910
32160
13312
10240
19758
2048
13552
30720
29312
27648
32032
5120
20336
24560
12288
22644
2048
28928
20752
28672
14704
15744
30720
28672
14704
16208
6144
25728
30464
19512
2048
21320
30720
12960
23396
24896
25216
27648
6144
29312
8
22628
12288
15744
6144
29312
31824
17600
1408
2048
20252
11264
1408
8224
28672
11264
15288
16576
5120
20336
6144
10240
13652
22492
30720
12640
25728
29312
13688
25888
2048
6144
120
176
8448
17352
30720
24896
19740
23552
26608
28672
29680
14374
30720
32352
27648
16676
24528
24896
20644
24224
320
27008
23552
22604
27968
29472
25344
24320
24064
2048
20752
30720
29696
23416
15048
16060
10880
25504
29696
21158
10112
11264
14776
30720
19346
4096
20840
2048
27648
6144
13312
26528
9552
21042
6144
1232
20620
2048
14102
22328
14378
28160
12672
29696
32048
2048
11264
15240
2048
25344
832
11264
4288
13312
23350
30720
23552
2048
19356
28000
21592
18204
18336
15248
20800
5120
27648
6144
25728
20688
2048
21748
30720
32352
29696
16544
6144
25024
20132
21592
18204
15630
4480
15136
32340
23400
28672
1536
17478
31744
5120
26200
2048
29536
20656
6144
19782
26880
21520
2048
1408
18166
28160
10880
26432
1408
20244
2048
496
30464
21740
5120
11264
20320
4864
21060
9632
28160
32632
2048
9664
2048
31928
13056
26880
16614
6144
27008
25728
23552
30464
15572
13056
22024
28160
25344
17288
24064
32528
14368
20510
21766
30720
16916
13312
29312
504
5120
32760
2048
25344
832
2048
23488
13312
26584
10240
17956
27968
21960
27392
9008
2048
25344
28160
1536
15864
30720
28160
12288
14536
22496
13932
30720
8448
25728
11040
29680
25704
30720
18476
6144
27392
26168
2048
24464
19412
5120
32120
30720
28672
32256
22846
17876
2048
21748
30720
9360
13312
17504
1536
9536
19458
25728
1536
17360
26640
11040
28672
24832
24112
17108
8320
24672
30336
18096
14482
2048
28928
832
6144
30464
560
20300
11136
23552
9984
24224
19790
30720
11136
13312
27648
16762
8448
27648
18506
8704
29584
27968
30464
17726
27904
25088
30464
11040
23120
6144
28032
32192
6144
16704
27648
16684
2048
28928
14192
6144
26848
24480
25472
6144
26240
24288
9472
22960
30720
19558
27904
26752
13520
6144
30320
4608
6144
30464
25984
10112
30464
22364
14816
19456
26784
30720
29312
21880
22808
2048
6144
25344
24320
30464
17066
30720
32524
28160
21412
2048
232
23336
10784
25344
26208
30464
26848
19604
32484
1024
28672
28032
26176
30464
23272
2048
16984
6144
23552
26848
2048
736
32648
24896
20604
18536
25704
13024
20392
28032
27648
6144
8832
25696
25472
18016
16188
9088
12832
32256
8832
30336
20722
6144
28160
17352
22144
14042
29184
2048
4096
6144
23552
26240
9664
2048
31928
8448
22516
13440
30400
2048
17534
30720
23260
8448
25728
8832
26848
22592
4640
32588
26216
13024
26624
25648
13248
5120
8768
26704
26656
30720
1088
22326
23464
20126
23552
32588
26216
9040
30720
21188
6144
32524
29696
24960
31868
6144
25728
16332
28160
10752
2048
22984
2048
1120
17080
19422
6144
13564
29696
32452
29664
6144
13056
17128
22344
21012
31848
16664
13248
26624
22368
31904
29664
10240
29264
14018
27008
28928
24320
26240
13056
72
30720
13056
19208
6144
30464
17378
6144
12960
25728
23552
25696
17408
18130
2048
28928
19936
22240
25088
28928
17868
720
16414
25728
5120
32760
2048
25344
832
23552
27648
16236
27392
22240
26752
28160
29696
15284
26640
19678
13440
6144
30208
9664
10240
23076
30720
29312
14380
26496
28672
23552
19176
30720
28672
11264
24128
17968
4864
15840
6144
15836
10240
29312
20546
11264
32336
6144
16512
16938
12640
11040
25472
6144
30208
32520
6144
29312
24104
29312
30336
2048
16922
29184
20724
26640
11040
24832
680
30336
608
1088
8320
27392
32504
10240
30336
21836
23432
26168
6144
30464
32596
32388
25728
13056
19306
30720
13312
13056
21212
6144
28160
22176
6144
13576
6144
32
2048
1408
17116
13662
30720
6144
25728
23552
25056
22304
21278
30720
31940
19694
6144
4480
29696
16544
2048
22524
16626
6144
21288
24512
25344
24320
6144
1536
20068
26640
25232
17072
2048
14362
29648
15276
26400
8448
21668
21536
26624
32568
5120
23488
8256
14770
25072
27648
25504
6144
13576
6144
32584
2048
11264
17966
30720
19674
10752
30720
21352
10112
31776
29312
22554
12288
20716
20266
28672
1088
30720
28160
26784
11264
24256
10240
16670
10880
9472
22818
20532
23552
21440
11264
25040
2048
11264
9504
30720
9200
28928
13626
12288
19394
8448
28096
17856
29696
26552
2048
6144
18690
27136
13184
30720
6144
29472
24064
2048
11264
24256
17062
30720
5120
14736
16680
11264
17802
1216
12288
29536
2048
20974
4800
18568
488
5120
27648
31872
2048
32688
10880
25504
29696
32048
19212
9728
18738
18640
25600
29696
64
6144
28160
26784
11264
24256
23552
9856
21540
6144
15682
26880
18804
13440
10880
26136
2048
10880
20464
27392
29440
16898
11264
17682
27392
23342
24496
30208
26136
10240
15612
12288
29536
23362
30720
88
6144
27136
1280
29472
5120
9104
19152
12800
28928
1200
32188
2048
27968
28160
27968
13056
23202
30720
13872
19480
6144
15920
6144
28672
30320
24608
10240
30464
16438
29696
23184
27904
22932
15816
6144
32500
28672
12832
19478
22820
30720
22086
23264
25344
13024
31844
4864
15244
18862
2048
26784
18730
29664
30720
19600
2048
11264
20144
19702
4864
800
17794
16108
2048
11264
14442
1024
20862
21724
2048
28032
27648
20192
21350
30720
14544
6144
26752
28160
29696
14340
27904
31904
14590
704
11264
25872
22770
22442
22888
27392
18628
12288
16260
28160
25872
20814
24992
6144
5120
22416
14624
27392
976
17204
2048
28928
9184
30336
21674
22090
14572
26544
15268
896
21236
16310
2048
12288
32392
19806
15064
28672
23048
2048
11264
21232
11264
20310
16512
17806
4160
10112
17054
27392
4800
18852
2048
9728
16038
13646
10112
28096
23484
2048
16782
12800
32000
14092
12896
21420
22456
14516
28928
22292
30720
21476
30336
2048
18482
11264
14076
6144
27392
22144
30208
25344
15872
32228
13742
24832
32640
30336
2048
24576
5120
4672
18656
24832
31980
5120
25344
19796
1024
26408
24832
26208
5120
25344
648
30720
24832
16420
5120
4672
16300
27904
248
18608
6144
28096
16862
2048
24528
13852
16662
32512
16944
27392
18702
30720
30284
5120
4096
5120
25344
25072
4352
8448
11264
21254
15590
6144
2048
25344
768
11264
20842
31744
13632
6144
26880
20612
30720
17224
23552
30464
22762
26424
28160
29696
13650
6144
22288
25088
20874
2048
15200
6144
26544
1536
14568
2048
29504
16902
22680
6144
32256
26816
14688
19662
30720
22668
27392
1536
22276
2048
14622
10112
27392
12288
20284
2048
17778
6144
23552
29312
17916
29184
27392
32504
14800
20736
18498
30720
19754
24496
30208
9696
20360
20736
27136
1280
28160
28928
13056
18174
19338
27968
11264
25040
2048
11264
9504
30464
18068
5120
20598
30720
5120
19732
664
26560
20194
31948
11264
8704
9488
27008
26240
15902
24496
19872
15744
30720
12832
11024
27136
1280
11264
19232
30720
22208
5120
11264
32600
2048
11264
21760
6144
20736
29472
28160
26784
28928
17056
24672
30464
21028
4864
26136
6144
5120
13312
30464
25992
17010
30720
12960
28672
22582
15176
8448
1240
6144
12288
13564
13056
17852
19838
8448
13312
10240
23252
6144
17600
29504
288
30720
12864
28160
29696
13912
10240
30464
14288
28160
28928
16096
20400
6144
12736
904
8448
11264
22048
11264
20700
14322
25040
2048
11264
13024
2048
11072
9152
13942
2048
28928
13810
20196
5120
19216
30720
28672
30208
16020
27392
23552
25656
14304
30720
20976
11024
12288
16184
5120
9072
30720
10240
18232
26880
13896
30720
4352
8448
22208
5120
12288
29536
15066
8256
20280
8832
32596
32684
25072
2048
6144
20180
9632
30304
21078
16260
28160
768
29440
23552
26240
32200
14100
32332
21084
24160
24128
26488
30720
16904
2048
27648
6144
23552
18318
24576
21204
5120
30208
16802
9424
24992
5120
23488
9984
20424
21090
2048
736
13618
28928
9184
5120
12736
6144
29504
4160
28160
29696
9696
6144
9728
25008
11264
20140
11264
14688
13024
16856
2048
28928
23184
20420
4736
25072
30720
16334
28160
24160
31984
30720
23552
14456
28672
22590
25088
17080
32652
6144
25728
29312
20718
25088
19666
30720
27008
4864
26168
6144
29312
32176
22572
28160
24464
12736
25536
28672
6144
21256
6144
29696
9248
26168
23552
21312
18142
6144
25728
8832
32620
27392
29504
17824
14626
13948
18572
2048
16724
28160
19236
27008
29184
29312
21080
1408
14392
2048
1536
16442
2048
16860
6144
9344
25280
21464
10112
28096
1536
32752
13818
4864
18608
22804
28160
1408
19034
4640
30336
22542
19520
16820
25344
25072
30400
24736
13248
5120
30208
9696
22380
20916
31904
30336
20128
21856
17842
8704
13756
24192
27136
15992
13732
1408
2048
30304
14986
25952
13248
13984
27392
736
18580
28672
22144
29696
24128
24448
6144
5120
30208
26136
11264
30336
20316
13056
5120
19904
2048
28928
18850
6144
27008
28928
30400
24320
11264
16424
20218
11264
14020
17130
13656
24064
11264
18060
22346
32072
25728
4096
17018
24192
27136
32672
32016
13312
10240
22558
29184
22056
27008
28096
23552
560
4416
29696
25088
21378
29664
6144
24320
14688
28160
29696
26368
27392
15776
9632
12288
25952
28160
1536
18748
16268
2048
28928
13678
16446
14990
5120
9200
6144
24896
26048
27136
1280
17236
11264
8224
6144
30464
17920
14348
1024
18062
28160
28928
16998
27648
6144
9856
2048
18884
10240
13644
4864
26136
30720
10240
17536
5120
11264
16232
29440
10848
29696
14256
4864
19272
2048
8896
26144
30720
28672
25720
20492
10240
11024
5120
28928
13896
5120
32048
6144
27136
1280
10240
9856
9632
2048
9536
12800
11264
18936
2048
9072
27392
32444
5120
11264
21540
16772
29440
10240
23252
24528
11264
17886
17058
30720
26880
1208
11264
32136
8256
14086
25072
18080
32136
488
27392
800
15672
31864
20990
2048
1536
22320
4864
32692
21432
18080
32136
9040
5120
23488
23552
30336
22998
12736
21008
13556
8320
12960
11264
2048
29504
6144
9984
17816
14314
2048
28032
25344
21346
26640
8832
11264
18456
4480
6144
11264
14882
13440
4480
6144
18294
11264
17676
2048
9728
18470
11264
21444
2048
9728
18168
11264
18304
30720
21118
2048
9728
19688
2048
29440
20288
24832
17984
25856
2048
17408
11264
9376
4864
944
6144
17984
8224
19684
16884
27648
19240
13248
22380
27904
16680
1408
15874
19036
26880
16910
10240
11264
32608
5120
11264
22408
30720
19730
4864
13896
19808
27648
6144
20986
26880
19316
2048
11264
20320
4864
20464
24288
19304
26032
13184
6144
22706
11264
16784
4864
16136
28160
28928
22408
8256
15352
10048
6144
8704
29584
29312
14320
6144
23552
29312
21460
11264
18478
23552
11264
23090
13056
20296
28000
22144
23552
9984
11264
21204
4864
31776
6144
25344
9184
8832
17356
8320
26240
29184
6144
28160
13056
20472
768
19664
29696
28032
2048
24160
16586
14232
6144
23488
560
29184
23552
10240
32524
13056
14416
32016
24352
29600
24400
2048
27136
1280
28096
23552
12288
18834
17112
11136
4352
8448
9200
30464
19414
22144
30720
11264
12736
10240
19514
19370
2048
13680
30720
30464
14550
14762
2048
1120
6144
17536
32528
21470
21448
25600
8448
10240
30336
9216
2048
9536
12800
24544
22376
28032
29696
944
27392
29696
13896
30720
18200
2048
11264
22408
30720
26880
19316
2048
11264
15644
28672
21240
18888
30720
20878
6144
27008
9072
10240
13796
5120
10880
26200
10112
5120
32492
9856
2048
21584
32416
4864
16256
30720
32352
23552
20552
4416
21446
16888
9632
6144
2048
11264
22120
30720
32348
2048
9072
29184
10240
8192
26464
6144
22356
24896
17348
10880
20158
13784
10784
15640
448
27136
1280
23112
30720
6144
28096
12288
22600
10240
17920
19698
10240
32032
5120
23476
6144
28032
32192
10240
26528
27392
26376
2048
15072
8448
11264
4608
22048
27968
28160
11072
624
10816
30464
14618
11072
14280
24976
4864
20854
30720
18672
15760
27008
28928
20472
32696
30720
14976
28000
656
13524
13056
31776
11264
4608
22864
2048
11072
9152
10240
9856
14812
5120
21520
28160
13312
11264
17158
32388
19068
2048
15792
18776
6144
27968
25968
21400
1408
26616
30720
23552
25968
13524
29184
28672
31944
26240
22972
6144
23552
12896
4480
10016
22884
13440
4480
18560
30720
32352
23552
26128
272
2048
14016
18552
19336
20108
28032
1088
21696
2048
28928
21354
27392
4096
27008
8192
20130
23288
13312
29472
13056
29184
19616
6144
24352
9728
15254
26568
28160
14890
21358
26240
22176
6144
21696
28672
17336
11136
9072
23552
10240
17764
30720
12640
13312
32072
23210
30720
920
28160
11264
21484
23552
8192
13440
24528
28160
1264
10112
21230
11264
16996
16610
17536
29696
22906
2048
11264
13904
2048
15884
24416
23488
23552
29280
9376
14382
19116
25568
17536
29696
20774
2048
28928
21814
25568
17536
29696
17960
11264
16960
6144
16224
28160
29696
9280
28928
104
29696
32048
6144
25568
14752
18104
6144
24896
26048
4800
10240
9856
13708
6144
27648
16004
25568
29696
22564
2048
24960
2048
28928
23312
31844
4864
13712
25568
17536
29696
14120
5120
28928
4224
9120
8896
26144
4160
16354
28160
20952
30720
21192
12800
29696
12992
2048
28928
18400
23552
10240
14586
28160
11072
13912
2048
11264
31996
6144
27648
9856
15216
25568
22568
5120
1536
16294
17150
30720
15598
6144
30464
20730
25568
20770
5120
28928
4736
23214
14798
6144
30464
13952
1024
26408
25568
30464
10848
11264
22622
13056
15308
30720
15516
6144
17002
8448
10880
13862
11136
23552
13956
13312
6144
28672
29696
16544
10240
15940
28928
16508
11136
11264
29280
27392
18584
14166
27392
20032
27904
14554
19004
12672
4096
6144
9072
25504
8320
25888
10240
16800
30720
20924
6144
2048
29504
18576
24896
15014
8320
18824
8320
16602
17920
2048
24528
13312
30720
28928
9104
25248
6144
11072
31776
22460
2048
12288
15354
10240
16376
10112
25248
6144
24224
25088
16228
464
30464
19108
32016
15498
25888
28160
28928
19774
11136
30280
18068
5120
21142
27968
18564
5120
11264
24256
29568
15912
2048
5120
14736
24288
29184
23056
30720
16696
28672
9728
19756
12800
1536
16828
19810
5120
11264
20320
2048
11264
25920
6144
26120
29472
17730
28672
19944
23230
27648
4288
11008
27392
27136
1280
24560
29440
26120
23552
31860
2048
4416
11264
15340
28672
12832
14054
30720
160
8256
19066
10112
15728
10112
20996
6144
16402
23552
32176
4480
24832
14120
5120
12288
1184
18016
20978
6144
17268
2048
18582
12896
6144
5120
26672
22388
10112
1536
6144
544
21512
18992
10112
23552
26128
27392
17028
2048
19762
12288
13636
25248
6144
29696
16056
18632
21192
27392
28032
29696
16496
21778
17138
30720
21188
6144
17304
29696
18556
30720
20736
19240
27008
26064
15184
10112
32544
6144
8832
18978
32728
680
2048
14240
10112
10816
26240
26016
13248
17760
4480
16356
5120
21744
1256
21952
21280
1272
29696
25680
19132
6144
25024
15158
6144
32
15968
6144
23552
16434
25088
2048
24576
13922
5120
18966
15264
30720
32688
32244
11136
14264
2048
18358
16476
0
6144
25056
25728
17324
2048
19088
24192
27136
15992
4640
11040
2048
24832
32176
17324
24192
29696
14526
31744
11040
6144
16652
17516
28160
14120
10816
5120
8768
14870
13964
26240
9568
27136
400
30720
12960
2048
1536
19482
2048
26784
8768
18948
30720
26080
9984
21512
6144
30336
15172
20204
28160
11264
8224
30720
32076
28160
11264
14636
22732
24064
26880
14212
13248
29696
17982
29696
15832
28160
11264
31852
30720
11264
32076
28160
11264
15478
27904
13772
27008
5120
8224
17108
6144
25856
2048
24528
21512
4800
32508
2048
17664
2048
1536
19528
26240
9520
5120
14168
1256
19330
30720
22314
6144
22556
11136
28160
1408
24256
13056
20910
30720
9360
10240
15570
32256
15528
8448
20292
23552
13576
25728
6144
10240
19186
1176
18510
2048
32076
30720
19438
20208
25504
4864
9280
9568
27136
400
28000
17686
1536
20104
6144
17312
19836
28160
11264
21920
18490
15730
1536
16312
6144
28672
29696
13728
26224
4864
14376
6144
28672
27136
1280
16440
30720
32352
80
5120
14120
28672
9472
19814
30720
17536
2048
19960
6144
29696
29248
23072
30720
12960
25280
32100
28160
11264
24256
15384
30720
32352
10240
18386
5120
32628
29680
13798
18846
28160
30208
32048
6144
1408
2048
12288
15264
28160
6144
26224
1536
29568
6144
21028
10240
18232
5120
19280
5120
24544
6144
21228
30720
18370
28672
12288
19096
18504
15094
24896
17348
5120
28928
30274
15894
1024
18800
28160
32460
17600
2048
13532
12640
15920
2048
19344
23552
25232
17072
2048
15628
30720
20390
5120
19280
5120
23488
30464
20360
5120
4416
14502
30720
32352
23552
10240
31880
32612
32256
22528
27968
10240
23030
1536
13548
9536
2048
27136
13184
1024
19596
2048
11264
21484
20850
28672
13312
28160
29696
8976
5120
23552
21584
32416
4864
16256
25536
6144
30464
23012
32256
23324
6144
15578
10112
6144
11264
17020
30464
19098
10112
6144
29696
944
10240
30464
14096
11136
13312
8960
13056
32112
4864
8976
6144
28672
1536
19448
2048
12288
22286
2048
1536
9536
22016
11264
31936
6144
17600
28160
28928
22544
32124
8448
20634
27648
25504
6144
30464
16880
4480
26720
12288
14364
28160
11264
31936
13668
30720
16034
22240
8192
27392
32444
26880
8976
29184
4352
8448
1536
6144
544
28160
29696
18266
2048
11264
21986
23056
5120
15236
23552
15236
6144
10016
32752
24800
32704
2048
17494
28928
23324
28672
29696
21786
6144
20052
28160
13974
19706
2048
11264
18440
6144
10240
24640
17958
6144
28672
25504
25088
6144
10240
16994
17206
26880
19496
26416
15698
32320
10240
14848
1536
22432
32412
2048
11264
16632
10784
32456
26568
14704
12288
416
6144
27136
1280
19608
6144
14394
2048
26480
12288
1184
2048
11264
25920
14292
29696
25680
18256
5120
4096
29680
26672
19776
21726
30720
1536
6144
31912
24064
17364
27648
15964
31952
6144
28096
9856
19856
5120
12288
17964
224
16928
27648
6144
8192
14924
10240
17536
26880
13808
30720
14306
24896
6144
32604
27648
15482
29696
14256
6144
5120
27136
1280
15888
30720
13312
32032
12864
28160
29696
8976
5120
16868
4864
29248
30720
2048
1536
20154
4160
18348
5120
26688
30464
15404
24832
17032
6144
26672
416
18264
17170
24896
512
32484
10240
32516
29696
16136
2048
11264
22408
30720
17512
28160
1264
18710
12800
24544
14152
28928
13768
20678
28928
1200
30720
256
4736
768
4864
18804
11024
5120
32108
14510
9456
17882
6144
168
6144
25728
26848
608
28672
19398
15280
18104
8448
25344
13024
11264
48
32396
29312
25640
9168
4480
15560
25728
30464
20904
30464
18688
30720
19044
5120
20838
19130
18472
10240
216
1536
26600
15968
2048
12288
31920
2048
27136
26232
31744
29696
29248
24640
32516
2048
29504
17792
17710
6144
17600
27136
13184
30720
6144
23552
9856
6144
4416
368
32248
11136
29472
24064
2048
22512
14452
26880
29248
27008
1248
9856
9584
5120
29504
24256
10880
22562
2048
25248
17116
2048
15394
16948
6144
21708
1224
8448
9664
2048
31928
2048
26672
30720
26672
21762
32188
12288
14338
6144
25616
29696
16758
2048
26624
19388
4768
29248
24432
6144
9856
9552
26080
28160
11264
25920
6144
23552
9856
17738
2048
4096
28160
29696
6144
17022
32016
656
11008
24608
20512
29696
18196
29440
9856
14172
29696
21888
8256
32764
25856
2048
24528
24896
21226
11136
26016
26240
29696
18196
6144
13312
32496
6144
21686
17404
24608
2048
32128
5120
11264
20320
30720
17898
1536
15984
5120
22694
30720
12960
32144
29184
6144
24608
2048
32128
14754
26784
11264
25920
11136
23552
10240
16968
27392
12288
18132
2048
1536
20066
32428
10240
16692
24192
24608
14468
27904
21770
1536
29536
18996
24608
10240
8960
5120
11264
20320
30720
29696
24224
10240
17536
5120
23224
11264
288
28032
27648
4288
32164
29696
25680
30720
23552
26608
13734
4480
24832
10240
22004
9056
16394
9632
6144
29184
22112
6144
17786
5120
11072
9664
19872
15744
30464
17920
15062
26472
5120
8768
26704
23104
29696
31868
30720
4352
27392
12672
8448
27392
29696
19248
6144
27136
1280
9856
32660
31912
25280
23158
30720
10240
20600
26536
26624
25648
30720
26656
6144
11264
1408
28672
18908
2048
9520
13056
32112
5120
28928
16410
30720
11264
12736
28672
29696
24448
2048
20786
17920
18096
16806
29184
31776
29504
17528
26032
13184
6144
22208
6144
528
2048
1536
29568
15968
26528
368
32248
8320
30464
20118
5120
28928
22578
18546
30720
22536
2048
21300
30720
17164
30720
27008
13312
13954
28160
12288
16392
2048
28928
21920
6144
21066
8192
29696
24736
9424
15520
30720
18116
12736
14260
656
15928
28928
9024
30720
15946
2048
23552
920
28160
22872
25248
128
11264
6144
9856
21150
13312
15324
28672
13584
30720
24640
22832
512
31776
2048
28928
19494
31744
27392
15380
23552
19650
8320
19858
29184
18756
23126
14260
25248
26720
5120
32396
28160
28928
19324
31880
2048
22738
30720
20258
16072
14024
5120
4096
28160
24832
13710
12288
18408
2048
14400
18058
24608
2048
1536
19528
30276
26880
20290
6144
20372
16416
26880
18188
2048
10880
9664
2048
31928
29184
14066
2048
6144
32604
8320
30464
18744
8320
32560
2048
6144
30464
21970
4768
26096
30464
16366
4864
944
30720
30464
8256
31956
20460
30400
27136
4704
6144
18158
29184
5120
23488
96
1272
29696
32632
6144
15310
30720
6144
24512
29184
11264
18616
28160
6144
8832
20488
26880
15878
28672
6144
8704
31996
8832
23132
16116
29696
9664
1536
16124
19888
30720
504
2048
21872
26880
6144
30464
29280
19616
30720
12864
20970
6144
17600
26504
2048
28928
832
2048
6144
31836
17984
21880
6144
23552
18412
10112
23552
25232
19146
9024
27392
10880
4224
15966
30720
29696
26504
14936
9456
32764
23552
26752
6144
4416
12736
14728
30400
27136
4704
13440
17858
21700
30720
24576
11264
24
5120
16832
27008
28096
8704
29584
23552
17838
6144
28928
24320
30720
25344
30400
11264
25640
26880
24224
32692
11136
23552
10240
29264
26464
12736
25536
2048
11264
32336
28672
6144
32584
27392
8704
23220
20916
16028
32712
25344
24320
13248
27136
15418
6144
25728
21708
30208
15840
30720
28160
30208
15686
20982
22960
24192
29696
22032
5120
23488
19722
432
2048
17080
16352
17536
29696
6144
27648
21374
32612
5120
19296
2048
12288
6144
22208
6144
31824
24160
24320
26880
9696
6144
8832
32608
16464
30720
32352
19752
5120
29568
2048
9728
4832
28160
8704
19594
30720
25280
21020
12544
5120
24160
17174
25088
14538
2048
27648
23352
23476
10240
17910
27392
29696
4224
22080
28672
6144
18524
14898
5120
1536
25008
6144
32256
8832
19632
16640
26064
8448
25728
20588
10112
8448
29696
19968
27648
18692
24192
27136
20892
32728
26512
2048
23396
10112
24832
30336
2048
21764
29696
19968
24064
2048
18854
28160
16942
1168
23552
30336
2048
17408
32200
12736
22488
17142
29600
24400
6144
15760
1536
29536
19908
19288
29696
9664
2048
15812
32748
5120
23488
27136
24704
16004
30720
17512
2048
32476
17536
5120
25472
27648
6144
26456
5120
27136
32208
30720
5120
14720
30720
5120
1536
14974
6144
28096
1224
10240
16926
5120
1536
19528
30288
24672
11072
26096
15488
2048
27136
5120
11072
21212
30720
12288
24400
6144
22462
30720
24672
30464
32184
25712
5120
20752
2048
28928
832
30720
29696
9664
23552
8
27904
28672
1088
30720
28672
27648
6144
32340
17502
2048
11264
4736
12832
6144
29696
19968
30464
9856
14964
21196
25280
28160
24128
24448
2048
25216
25088
16152
29680
22604
30720
12960
2048
18516
27008
4800
9376
30464
15892
19518
30720
32352
10240
26568
31824
11264
768
29440
26120
29472
15084
30720
15178
28672
28928
17524
16616
28160
12672
29648
2048
28928
31984
30720
21296
22144
26624
32568
26784
18976
30720
16844
29648
5120
12576
15272
30464
21756
28160
16668
24400
11264
15648
4864
16188
30720
2048
26624
19880
5120
23488
29696
9600
30288
27648
6144
26456
2048
11264
32616
5120
15166
1536
4832
2048
28928
832
30720
23552
10240
27648
30288
13056
19502
6144
27648
20476
2048
20016
19880
2048
27648
6144
8960
13056
24064
2048
17246
6144
27008
29648
23552
19038
5120
18050
16940
22338
28160
29696
15180
12576
30288
5120
29648
6144
10240
32680
26880
14520
6144
13312
18364
26720
32520
28160
31808
30720
32536
27648
13976
26472
31912
25280
1536
29568
6144
26224
5120
15304
5120
27136
24704
21512
2048
11264
24256
30720
14386
32248
15398
6144
22848
24896
15410
10880
752
23076
5120
19474
5120
28928
20648
4768
24432
6144
28160
22872
1120
27648
8192
4416
25248
24576
29664
5120
10880
14136
28160
6144
30464
20000
11264
152
11264
20806
30720
29696
23184
21122
20736
1536
1160
17396
6144
28160
31976
25904
16932
24896
26688
30720
6144
30464
21048
14562
10112
23552
19828
16640
23552
14160
20484
9568
27136
22828
27008
23552
26240
18152
13870
12640
2048
21650
1120
6144
29312
17900
26064
15420
24896
32116
26472
5120
8768
26704
17920
15326
5120
11264
13972
25280
1536
25088
6144
28160
11264
24256
15384
26536
14720
27136
21904
9728
19952
29696
21888
29696
1056
29696
12608
30720
27136
13184
6144
28096
30464
25992
6144
23552
9856
272
2048
21744
25088
29696
14496
14720
8448
28096
15976
11264
15648
4864
21612
16240
5120
1536
6144
21616
21806
6144
24832
24640
23022
5120
16428
14656
24416
28928
9184
5120
11072
23448
19708
24192
24608
2048
1536
19556
24576
11264
26208
5120
28928
832
6144
27392
11264
18352
18016
24736
32584
5120
19904
2048
13800
24496
12672
30288
27136
16812
4640
26752
4480
24832
10240
25640
432
12544
2048
4672
19784
25728
25936
21200
30720
15718
27008
29312
20616
480
30720
27008
32544
528
2048
20484
29312
30336
2048
4416
20828
16144
5120
8704
29584
11264
336
24192
29696
22678
30720
27968
22144
23552
15006
28672
8704
9488
18426
28672
32128
4480
4416
5120
27648
6144
23340
30720
27648
6144
32
21424
17184
24832
26240
12672
2048
18384
13248
5120
30208
32048
29696
17522
32016
29696
20416
6144
27648
21564
8448
22780
2048
28928
16832
17392
16252
19366
8704
9488
30400
21888
5120
30208
24992
6144
26240
29696
456
2048
28928
19138
29696
4288
10240
30336
21126
2048
20752
2048
28928
24320
28160
29696
32632
13056
20582
5120
28928
13568
8448
8704
29584
29264
14862
20136
20736
29696
960
25088
22128
30720
15626
30720
14346
8256
32728
17218
24800
18052
30400
27136
4704
10112
24832
16172
13056
18518
6144
8832
25968
32612
5120
15440
32152
16984
30720
28160
30208
20444
6144
24512
13056
31776
28672
11264
13568
21998
16084
9664
10240
30464
21196
12288
21704
5120
1536
19888
30720
23552
25232
512
9024
26880
19568
29696
4288
30288
5120
1536
29568
6144
10240
18704
6144
28032
10240
16224
15720
30720
256
27392
11264
8224
5120
27136
4704
30464
14316
5120
1408
768
30720
30464
16240
24832
32616
9856
608
18278
27904
28160
32256
6144
30464
26528
29600
30720
14672
19724
15816
19944
416
5120
11264
20320
2048
11264
25920
30720
17600
11264
32704
19402
6144
29536
31972
6144
29504
14756
17920
20096
28160
31944
19984
5120
26784
11264
26080
20950
28160
25216
27648
6144
1536
29568
20788
17920
23348
5120
23388
24896
15552
27648
6144
21714
23288
29696
25680
6144
24096
25088
5120
28928
14136
6144
5120
1536
18288
24640
19896
26880
30284
2048
11264
15644
30720
14128
28928
14058
30720
24640
18144
28928
18088
24112
28672
26672
20668
6144
24640
14094
5120
6144
24640
15824
28672
1536
14144
30720
32352
30464
21824
5120
24576
17984
32136
6144
29696
16160
29248
21604
272
2048
24576
416
30720
14912
16906
576
9504
30720
28928
25040
23552
88
5120
24224
25088
22486
4480
736
20356
6144
5120
27136
13184
5120
23488
11264
25040
2048
11264
9504
8256
17498
8704
9488
30400
24992
27392
11264
26040
6144
10752
30464
19608
5120
25344
16160
23408
6144
29536
21528
15912
30464
544
18954
8448
5120
19070
24496
27648
4288
24432
27136
1280
24288
2048
21872
30720
28672
25720
16958
23344
14506
23552
30336
26432
27392
16512
8704
20086
11136
19544
15338
2048
20504
28160
12736
26616
28160
32256
6144
23552
20616
19658
5120
1408
28160
6144
24464
9024
29312
30336
16900
13664
27648
6144
25728
20880
4416
27392
16308
26240
27648
6144
16512
21224
16450
30720
16816
5120
24160
24320
6144
10240
23222
28160
18080
17272
27648
800
6144
19158
30720
6144
23552
10240
14284
20106
28160
31976
19960
28160
32256
6144
25728
18644
9168
5120
11264
48
32396
4480
736
20356
28160
28928
14994
6144
27008
22144
29312
11264
23004
23370
27392
32432
6144
25728
30464
23232
19720
14034
2048
14438
13248
5120
12672
31952
6144
29472
22758
22996
6144
8704
29584
16024
18080
9168
6144
24512
16624
28096
25344
30400
28160
29696
24224
18758
20064
31968
25072
6144
25728
16024
11264
9168
6144
32740
24192
27136
384
6144
8448
25728
11264
13682
25504
16692
26880
368
6144
13312
18632
28160
29696
24224
32692
6144
2048
25568
30464
23232
5120
13888
4864
9248
9280
6144
27648
13876
488
27392
27648
31872
8832
144
17984
14916
2048
1536
6144
14296
30464
17918
14440
6144
13724
25088
6144
13924
19636
27904
24896
25472
26216
10240
17536
5120
26720
2048
21488
32064
26656
16920
28672
31920
22676
30720
17126
6144
11264
28928
32168
16968
21680
2048
1208
9168
2048
21556
30720
14420
26880
32480
2048
11072
9152
6144
29472
9632
28160
1408
32656
17680
576
48
10240
11264
32032
2048
4224
14156
30720
13312
22848
21794
28928
21404
30720
18784
8224
5120
28928
22424
16200
5120
11264
20320
2048
11264
25920
9360
26120
22124
17156
1536
29536
31972
5120
31776
15898
26880
19090
31744
4352
8448
21266
21780
30720
10240
14540
16072
12640
9200
30720
11264
9504
30464
19816
6144
28160
24832
10240
13766
6144
20830
5120
28928
30400
30720
23228
14810
13248
27136
16048
11136
23552
29312
26240
16216
26720
8224
5120
11264
13904
24416
26080
15402
31744
21850
12544
5120
25344
9120
21864
6144
5120
13312
26184
30720
16578
8768
15204
30720
22340
18536
26456
28160
11264
20320
2048
11264
25920
30720
28160
22144
18678
12288
14852
30720
15722
24288
28160
28928
752
28032
28160
22908
4864
29248
30720
28160
22446
2048
31952
11264
9504
30720
28928
19936
6144
10240
14026
2048
4096
11264
21666
2048
27136
13184
30720
2048
27648
31776
6144
27648
26456
28928
22822
30400
30720
20220
32016
14430
496
6144
23552
19382
23488
30464
13726
10112
27008
32544
17762
30720
21958
29696
6144
10240
18114
5120
25088
2048
5120
27648
6144
5120
9728
18746
30464
21260
30720
20036
21994
14944
21040
5120
4096
24832
17536
27648
6144
27136
24704
24432
26880
21888
6144
30464
18734
15272
23346
11264
32704
2048
28928
32616
5120
32120
30720
2048
13056
14220
23216
20772
24496
27648
4288
29696
21612
14252
15710
2048
12288
15536
8448
28160
22972
2048
6144
32000
24128
21752
30464
20072
29696
19804
30720
14578
21704
28160
9472
20306
30464
8256
664
26560
25728
23552
11040
22134
12736
25536
13440
6144
24560
29696
9696
6144
9408
29696
19968
30720
15190
15432
14606
6144
25728
32668
5120
25344
13024
26624
32568
25040
8704
30720
13024
20392
24560
11072
13912
11264
18600
20902
2048
25344
18242
30720
27008
11264
15830
22986
30400
30720
24320
26560
23552
27648
14576
28160
30208
624
16544
30336
2048
17408
25344
19812
18300
22144
16676
11264
20752
2048
25344
832
30720
27392
22144
29312
18154
28160
30208
20444
4480
20876
22664
6144
31816
8448
11264
20980
26880
19830
10112
8448
29696
22322
26880
18338
18376
23552
26392
2048
4672
32652
25088
2048
27648
6144
30336
18096
20336
2048
17788
32756
6144
24560
15424
30336
11008
21248
4672
17360
14272
9136
21216
11264
17954
30720
11264
22358
2048
4672
21250
30720
24672
25728
25936
29696
17034
14170
27008
8832
10048
6144
21652
24800
26192
4480
6144
8832
13794
5120
18436
28160
28032
14198
14196
12864
27392
24160
19048
6144
27008
25344
832
20516
2048
864
19562
15336
23552
18388
18016
29184
6144
25728
16660
14838
25088
9376
9984
29696
32048
4480
17152
30720
21660
12288
24768
6144
12288
13944
18148
20376
28160
32464
12672
29696
14876
16292
30720
29696
960
8960
28160
16722
19620
18928
30720
14940
4352
2048
15776
24480
29696
25904
30720
11264
32696
28672
6144
27136
24704
30464
9856
17092
28928
16020
8448
2048
32700
28160
9696
6144
23552
26608
29696
6144
736
15520
28160
13056
21818
30720
23552
20556
15060
30720
32352
23552
24432
12736
25536
13440
6144
10240
17902
27392
15904
30720
21088
5120
9728
1160
6144
27392
11072
16544
23552
30464
16852
11136
10240
32324
32048
4480
23136
27648
6144
800
5120
25280
22448
13660
12288
25952
27392
9376
27136
4704
30720
12960
10240
12288
32096
28672
16208
25536
6144
23020
18398
10880
32228
2048
21800
23552
976
29696
4864
21888
4160
8448
19162
28096
9856
192
26400
29184
30464
29472
5120
28928
25040
11072
16400
9632
4160
27008
24064
22988
27648
32072
21160
28672
9184
4864
24320
2048
27136
4704
4864
4288
26608
6144
19508
4416
2048
15280
5120
28928
22750
26472
5120
8768
26704
31912
28160
26424
1536
31972
28672
29696
25680
28000
27392
21548
30720
15808
24400
2048
27136
13184
25088
6144
27392
9592
30464
17920
14584
28032
27648
6144
13312
20684
30720
1536
4832
2048
27136
24704
21268
29696
29664
2048
11264
15154
4864
960
30720
11264
16460
2048
28928
9328
27968
29696
18684
6144
23552
22306
14804
6144
28160
11072
624
9696
31840
28160
11264
24256
29696
12608
5120
23488
27136
1280
32516
29696
29296
2048
23064
30720
8896
25632
1536
20468
4864
472
6144
17758
28672
1536
4864
13512
29696
4288
10080
21396
28928
19272
5120
11264
16232
22208
5120
8896
25632
6144
29472
23384
23552
11040
24832
2048
11264
24384
30720
4352
8448
11264
22208
11264
21564
30720
10240
18592
5120
23338
5120
12928
9456
20166
27136
15232
6144
12544
8832
14428
14954
25344
29632
30720
25344
24384
28672
25280
4672
20468
6144
29312
21104
12928
6144
10240
22208
15300
13056
2048
17970
30720
19288
1536
9598
6144
30464
19714
28672
11264
1408
8224
19896
2048
11264
24384
30720
28672
11264
12736
32032
10880
16768
26880
10080
6144
30464
32096
1536
19916
28160
21500
31744
23552
27392
12672
23248
29696
12608
11264
19310
6144
29280
13508
28160
29696
15332
9232
14744
11264
12832
2048
17984
16984
6144
25280
1536
2048
11264
24256
14946
26880
19248
30720
31988
30720
200
16494
4864
18502
30720
2048
11264
20778
6144
12800
16436
25344
18984
29312
560
18480
30208
15232
20408
2048
15080
21168
24192
32592
6144
25728
23552
25936
20408
2048
21056
6144
28160
4736
22096
16876
25344
30400
27136
1280
9264
14460
26472
29472
27136
1280
21692
28672
25888
184
2048
4096
26400
29184
10240
16824
30720
17284
28928
26592
30720
20454
24560
25568
16648
27392
26096
2048
16146
30720
19930
28160
28928
32228
2048
15360
24736
28160
11264
22864
32236
6144
10240
30464
21110
27392
15380
6144
32144
28160
13312
29184
19298
11264
26024
2048
11264
17026
22628
14672
24768
6144
29696
12608
32500
28160
29696
17678
2048
11264
31988
312
5120
15620
20506
4352
8768
12992
26240
18572
8448
11264
648
6144
14932
5120
15544
30720
4352
11264
23244
8448
27008
11264
16424
15216
30720
18378
12896
25344
472
28160
29696
16286
6144
23552
29312
15292
15694
27008
32544
14148
30720
27008
23552
30464
22948
19682
25728
6144
144
27392
21642
27904
26752
13520
6144
29696
9248
16544
6144
22144
10240
29312
19224
29312
13842
9600
1408
29632
2048
14984
19362
6144
23552
10240
9856
19760
6144
17600
13024
2048
10880
17666
22464
23552
10240
25232
14324
27136
1280
24896
14090
30720
22816
15760
1536
29536
30720
19646
19672
11264
12992
28160
29696
8976
6144
11264
32324
2048
15472
25248
6144
11264
22176
10240
13628
8256
23306
19256
30304
9312
31820
30720
16106
29696
18248
28160
6144
12896
30208
4224
26592
28000
17826
29632
5120
27648
6144
16012
26240
30720
26064
29296
2048
23064
29696
4288
10240
30464
22896
25728
28160
4736
23392
30720
29312
18600
30400
32340
28672
21428
30720
23006
19470
10784
27648
4864
12992
23552
29312
19516
6144
27648
6144
28160
18916
20436
25472
26240
6144
25344
9120
8896
29312
14128
9168
4480
23454
1536
17196
4864
14736
18016
13940
18268
30720
28672
10016
15690
29696
13512
25728
10240
11264
13992
30720
13312
1536
20124
30720
2048
17850
14330
2048
16528
28160
12992
23552
20436
24576
12736
336
27008
23552
26240
11264
19840
6144
8448
1256
17904
10240
19454
28160
1536
32412
2048
11264
18138
4480
16052
2048
27648
31812
18392
8896
19936
30720
16684
12544
29696
29296
6144
30208
4224
26096
24512
17408
19726
17496
30400
13248
31888
27008
23552
14638
12736
14082
2048
15432
24112
6144
11264
6144
8704
29584
32664
13056
29632
26240
29696
29296
2048
13504
8448
29696
16528
18016
4224
26096
22688
18722
27648
6144
26816
13920
9568
27136
384
6144
23552
24352
12288
24768
18016
10816
25968
2048
17408
22280
27392
15636
8896
17536
5120
22496
29472
11264
29632
30720
11264
23032
30720
4352
8448
27136
1280
11264
32424
11264
10848
28160
12288
25952
30720
8256
20228
30304
9312
28672
24832
20720
8192
25472
30208
9120
6144
26736
26240
1008
30720
23552
29696
29296
6144
25728
26848
14204
30720
32620
27392
11264
26024
2048
21920
6144
13754
6144
30208
29296
17536
29696
9248
6144
25728
30464
22896
24896
15776
16290
28160
13312
8320
18444
25536
14806
18880
23192
23552
26752
26048
13248
5120
8768
26704
32592
11136
24560
6144
25344
30400
30464
16876
25248
704
23552
30336
32552
28672
13312
25088
2048
1408
20652
27968
14648
5120
1536
24896
18628
13542
30720
27008
23552
24064
27392
30208
18464
23552
27648
18946
20736
24288
16348
11136
31880
17268
2048
17302
28160
11072
18766
26416
19844
32320
10240
13550
2048
23450
11264
26048
4864
29296
2048
13504
30720
2048
11264
24384
30720
14672
22350
17388
28672
26784
19924
32728
24640
10048
5120
30304
16080
14112
13248
29696
14546
2048
27648
6144
22636
9264
16298
20640
28000
26120
17890
6144
26736
23552
26240
1008
13440
17888
20884
23488
27648
32384
168
13248
27136
400
30464
16236
25728
21624
6144
15322
27008
16580
24992
30720
27008
26592
6144
16362
23464
18508
19126
10080
6144
5120
28032
29472
18604
8448
29280
13056
29184
192
29696
26552
2048
27136
13184
9408
13834
28928
17186
30720
14656
16648
11264
18568
4480
6144
25280
17870
30720
30288
15084
28672
29696
24224
14472
664
10080
10112
23488
22824
13836
6144
25728
9600
25936
2048
24160
20608
30720
25056
25088
30336
2048
16358
112
21364
2048
20034
30720
23244
24288
29184
2048
25280
1536
19436
2048
11264
21634
24896
6144
30464
22964
18732
30720
8320
25088
8320
32560
20056
10880
19560
28160
25344
15606
15174
30720
11040
9600
24832
26240
26008
30720
24832
26240
18340
30720
23036
2048
13602
30720
14672
24768
14164
5120
11264
18298
9040
5120
1536
16140
2048
19570
2048
1536
19206
30720
9040
22532
800
20380
13630
26584
26880
800
16688
6144
8768
19352
6144
12896
12544
9008
30720
6144
30208
4224
30400
9984
28160
12288
25952
23552
976
23552
26240
29632
2048
10080
31744
12896
13056
15424
2048
13738
8448
12896
15424
27648
14372
2048
27648
20544
30720
11264
22176
2048
11264
18136
9600
32740
6144
18752
12640
26240
26008
23552
26240
29296
13784
17782
27392
32432
13248
27136
400
11136
30464
16960
11264
21058
6144
26240
11264
15346
32428
26240
13248
29696
1056
6144
28096
9856
20352
11264
24112
2048
28928
31828
29696
15576
27904
27648
9248
14644
14720
27136
32208
30720
9728
22608
30720
12960
29696
21888
27008
23552
32488
13056
23130
28672
29696
14136
2048
27136
4704
22760
27392
28928
20564
5120
11264
21992
31744
12288
22612
2048
27648
6144
23240
30464
21568
13056
19620
6144
25504
10112
19520
24096
5120
14400
30272
22740
16248
13248
5120
8768
26704
29696
12608
14512
19656
26240
32200
6144
9552
26080
19358
15228
6144
26736
23552
26240
1008
13440
15116
19606
10048
26736
6144
29264
26720
28160
32104
5120
26784
1408
18720
27392
21856
6144
16288
16432
27008
26240
6144
8768
29632
26240
26008
9600
25856
2048
17408
8768
12992
16528
2048
9104
8448
30208
30400
30336
22592
32180
24464
12992
29312
10048
13248
27136
384
31744
28096
26848
21936
6144
28160
23192
23552
29312
17860
20248
6144
29616
12992
10112
16528
13248
29696
19912
23552
12896
28160
25088
2048
14514
29696
30400
27136
26232
6144
28160
29600
24768
2048
11264
21920
25280
9264
14112
30720
25728
30464
19640
11264
19360
31956
15544
14112
14894
13248
27136
400
6144
24800
14704
30720
13056
17380
12288
24768
6144
28160
30208
9152
28160
29536
32756
6144
28160
13312
26848
21070
29312
25968
22274
6144
23552
29312
13672
5120
25472
19050
22872
25536
2048
27648
6144
15372
2048
27648
6144
28160
13312
10240
20664
10240
20186
11136
24104
6144
22240
28160
13312
10240
17008
9440
27392
26376
2048
16638
576
22864
4608
29312
13692
25888
10880
14280
24976
6144
28160
13312
15624
30720
5120
8896
23552
30464
17536
24288
29184
28672
864
9728
19010
30720
15164
23298
32416
18016
944
18648
29536
22388
24896
25216
24672
8320
24672
23552
15504
5120
32744
28160
29504
23208
23256
6144
1192
25728
704
28160
25536
2048
9552
20836
5120
24576
25344
20380
26064
32744
28160
22912
20864
10784
27648
6144
26184
5120
27648
6144
32496
6144
26736
26240
1008
30720
23552
26008
28096
25728
25056
21846
31744
28160
27648
2048
15138
27008
19484
26240
12992
10112
16092
23552
29312
21386
5120
24576
18956
23424
976
27648
22648
26880
4224
26112
2048
30304
23106
26496
27392
23552
17408
19022
15792
8448
25728
27648
25936
23552
16712
6144
4096
28672
30304
9312
1536
21712
18016
16128
30720
16712
1536
15716
21068
30720
21810
22652
2048
12288
24768
18016
10816
8448
32536
24800
13538
30720
19106
30720
23552
8448
5120
24464
29312
14104
4640
26752
26048
24192
5120
12672
27136
18380
13440
6144
29696
30400
27136
1280
30336
21936
24288
29184
19870
6144
5120
32128
26184
11264
14336
18016
21802
30720
11136
17874
28672
25088
15328
25728
21964
28160
21324
1536
240
19536
18224
30720
2048
27648
6144
22336
144
17816
30720
31820
19652
14906
14400
6144
11264
21568
4864
26552
2048
27136
1280
17600
28032
12672
20112
2048
21688
16452
31744
4480
1536
6144
30464
14630
24640
15920
29696
32224
18920
4864
26368
26536
5120
1536
29568
4832
2048
27136
4704
30720
5120
27136
24704
8320
25088
8320
31872
30720
5120
864
32392
18716
6144
1248
17920
9584
5120
11264
25920
6144
21568
26112
2048
17408
25664
18800
28160
32456
27648
14064
32016
29696
6144
25088
19128
14788
17600
29696
10080
9088
29632
25568
9008
2048
9728
25008
10240
30464
9856
22940
28160
29296
2048
23064
30720
9088
12992
23240
24896
26048
4800
6144
10240
30464
9856
2048
25712
28160
16528
19156
2048
22736
30720
1536
32576
30720
1536
864
10240
16992
2048
4096
24672
296
27136
32208
256
1536
240
2048
32576
28160
18560
14080
26880
24480
4480
6144
28160
21324
21106
27008
17600
12992
10112
16528
29504
14794
12800
23488
32256
10240
9856
22002
30720
26160
6144
31880
15632
1536
240
2048
14400
6144
5120
27136
1280
18146
30288
28160
160
19092
15198
368
25704
4224
20416
6144
28096
25728
19544
19500
2048
15520
22416
15364
11136
25984
6144
5120
528
13624
27648
6144
24448
25216
6144
23552
29312
15228
6144
26240
18920
29696
25472
6144
26736
29616
12992
2048
18400
13440
16528
2048
9104
30720
12960
2048
14736
18830
30720
32352
23428
2048
9520
21700
32124
5120
24160
13888
30720
26880
2048
24160
15208
26016
26240
16092
30720
23552
24384
30720
96
26512
17776
30720
21400
24288
31776
2048
8704
17014
4640
11264
22812
25728
28160
29696
19968
13248
29696
16456
27008
25280
30304
9312
23552
10240
18314
30720
6144
4352
22548
25344
21720
32064
10752
8448
22144
29312
10048
5120
24464
24384
30720
23552
14978
31744
14296
32472
14084
30720
23552
32740
16370
30720
28160
22176
6144
23552
19544
23328
6144
23552
29312
26848
17384
27008
2048
21852
19118
26640
32560
20232
16486
12288
14062
6144
32500
29696
12608
6144
1536
17516
2048
27136
13184
29696
4288
5120
8768
26704
8256
32764
23552
26752
25088
6144
4416
13440
6144
30320
24608
17132
27648
6144
26240
19384
30720
5120
23488
10752
10240
11264
19608
22524
13776
10240
27648
15318
21208
2048
1536
29568
8256
21280
28096
23552
26240
6144
12672
29616
15556
23218
23552
29312
25696
22746
6144
15912
2048
13056
4224
26152
8448
22788
10112
15160
25280
1536
6144
12544
16168
10240
14352
5120
25472
30720
22632
6144
26736
23552
26240
1008
8320
14186
24108
23288
8448
25984
6144
27648
22636
30720
27648
21114
29312
18456
5120
20336
6144
23552
19488
2048
16064
29696
13600
1408
25536
13056
14768
2048
27648
6144
25024
22624
11264
640
22176
30720
11264
640
14650
11136
17124
5120
19194
18344
19174
22756
6144
23552
29312
20148
5120
24464
5120
20336
32100
32676
14028
28160
29696
9280
26880
14212
2048
6144
26736
23552
29616
29632
2048
10080
30720
26736
12992
2048
22494
13884
352
17408
2048
20234
13248
29696
23024
15090
14036
13248
29696
16484
6144
29696
368
23552
31992
28160
26176
13440
28160
27008
26240
10112
23552
26240
24384
8448
30304
9312
14642
16448
12672
24608
2048
1536
16560
6144
17920
18838
6144
9856
24480
11264
13560
30720
19080
17300
2048
17088
30720
18424
8256
15146
12992
26240
8448
25344
23408
30720
29696
6144
12736
25536
30336
21936
10112
168
25856
2048
24528
32552
21450
21168
8448
15376
21004
26520
27136
15992
27904
16582
29696
1200
6144
21592
30464
31860
2048
12288
15536
30464
20000
5120
19386
17984
21166
12800
11264
19232
4160
5120
23552
20606
29696
23236
10240
30464
14208
25568
21252
4768
22550
10240
14688
16826
28160
29696
8976
30720
1536
15984
25664
6144
88
22784
31776
5120
28928
21384
18974
11264
12832
32580
320
5120
11264
9392
16836
4768
25680
6144
17600
2048
11264
22384
31840
26880
9696
27392
28928
19824
30720
27392
28928
22424
30720
10240
10864
26880
18188
2048
9728
16390
1536
4832
2048
27136
24704
16480
5120
27136
4704
11136
28672
29696
22880
23552
10240
24640
14778
29696
10080
19984
11264
20752
22434
10848
5120
15098
2048
28928
24384
30720
27648
9248
14688
21864
27136
1280
10864
8224
5120
28928
13904
30720
17688
5120
1536
19202
27136
24704
1232
416
5120
9728
1160
6144
30464
18366
5120
13312
30720
22038
5120
27136
13184
30720
5120
12576
30720
5120
27136
21904
6144
25280
16284
5120
27136
26232
29696
32288
1232
224
11264
9504
22342
28928
25040
10240
21974
9200
16382
29648
29472
19032
31960
17064
30720
26624
25648
22104
4768
12608
15314
5120
21864
8896
20172
26880
15564
27136
4704
5120
23488
10880
26504
23416
10240
18592
5120
15088
4864
944
11136
23552
10240
31816
30464
32032
1408
15502
6144
30464
32096
1536
19916
28160
21500
29696
960
30464
19042
27136
32208
29280
15448
2048
9728
9536
5120
10880
23236
13606
29696
15150
28672
10016
24288
5120
28928
20554
29696
29248
10848
5120
16786
11264
13592
32580
320
5120
11264
9392
22372
2048
25904
6144
26784
11264
24256
17600
16406
224
16778
16316
16770
23142
15022
21274
19390
15118
17208
30720
18164
2048
17672
27904
28160
19100
18016
23010
19320
30720
23124
2048
17972
10240
30464
14288
28160
11264
31856
5120
27136
1280
6144
10240
32164
22376
2048
21438
30720
2048
16278
28160
11264
688
4864
26576
2048
264
30720
4352
26440
28672
12832
6144
14888
11264
20240
18316
16672
25280
17242
25280
10240
14908
18870
13584
27008
25280
32068
21584
28672
32116
24496
9088
24128
12832
25280
10240
14790
30720
13312
14488
9456
16252
8832
14556
14764
18224
6144
30208
10816
17600
18104
30720
6144
4800
15952
2048
13958
25856
2048
20940
28160
16470
10784
16052
2048
27648
4288
23272
6144
21284
27392
17080
25008
24672
10240
30336
21628
12544
30720
19198
15760
32128
11264
688
4864
26576
2048
15144
14232
24672
25568
10240
14384
27392
11264
22424
12544
27392
29696
9104
16244
27392
29696
19410
31948
27392
29696
26008
30720
25280
17704
30720
25280
23552
25024
19728
19082
25600
8704
9488
30400
21888
30720
8704
9488
30400
1056
30720
29696
24608
21600
2048
928
264
30720
29696
24224
2048
928
13764
30720
16032
28160
21838
11136
27392
10752
20726
6144
26240
24128
16304
6144
9552
26080
72
8448
12544
21020
10240
20820
27392
16172
13056
21442
21468
25664
6144
23552
19738
29696
17674
2048
27136
13184
30720
10240
19244
15466
2048
27136
21904
12576
30720
9728
19952
23552
15058
17696
29696
12608
18658
11136
28160
11264
13560
29280
14582
12288
16008
30720
29696
24108
12928
5120
11264
25088
17912
12832
2048
28928
9328
15016
8448
4224
21608
1536
29568
4832
2048
27136
24704
9600
21304
18596
19984
26400
25504
24640
20000
28160
23552
19376
976
29696
29248
15582
6144
10240
17920
2048
19848
12288
20630
2048
11072
22330
6144
5120
30320
15856
30464
17122
11264
22352
32160
29696
22886
10240
32420
27392
15904
11264
12992
10240
8960
27392
16528
25248
29696
16544
4864
21820
30720
11264
29632
27392
29296
30720
11264
24256
27392
10816
28160
11264
20400
2048
27136
15992
20632
25600
28096
28160
20992
30720
14224
22082
25280
5120
21548
4864
960
30720
4864
1056
19180
1536
4832
2048
27136
24704
5120
22976
6144
26880
20178
10240
23472
28672
16326
30720
28160
32256
6144
13312
28672
10016
10240
22458
29696
960
14504
28672
27136
21904
12576
30720
29696
32288
24832
32240
4416
28160
11072
64
18860
28672
12288
24400
6144
27136
24704
30464
9856
18540
10784
32460
17536
20308
6144
27136
32208
13690
5120
1536
4832
2048
27136
24704
29680
13312
17600
30720
24672
17600
28928
19264
6144
27136
24704
10240
16968
28672
13312
26880
22014
29440
2048
28928
20524
29696
19154
32144
15706
8448
29696
26488
2048
27136
24704
14628
11136
32152
1120
10240
26608
2048
11264
24112
2048
27136
24704
6144
23552
16458
27392
29504
4608
5120
1536
25008
2048
28928
832
27008
30464
20816
18120
18484
25600
2048
1536
29568
11264
13568
2048
27136
32208
30720
11264
24112
2048
27136
4704
1216
15760
10016
6144
1536
32392
10240
32680
5120
20038
27648
6144
26456
5120
13830
832
30720
29696
24224
10240
23404
5120
22838
5120
27136
4704
30720
5120
23552
20948
25248
6144
10016
32680
27392
26688
10112
32668
27648
6144
28928
24320
24640
19748
20626
1120
10240
32420
29504
19320
2048
18216
27392
11264
13990
2048
16102
30720
696
4864
928
16808
31744
448
29696
32644
2048
11264
13638
30720
29696
17328
2048
11264
26424
22766
30720
13744
30720
29696
25504
22968
6144
9856
19170
2048
22454
9632
5120
25280
28160
13056
18928
20278
20528
2048
9596
12736
4608
11264
32136
22692
15268
18844
30720
18660
18640
25600
29696
64
6144
1536
16560
10240
19710
27392
15776
15102
11264
13568
2048
1536
6144
28672
10016
10240
17920
13812
30720
10240
15460
2048
11264
31988
27392
22834
6144
2048
21560
1120
6144
20110
17920
2048
14656
27648
21176
2048
11264
16634
31744
5120
24608
14836
6144
17536
29696
6144
17536
13774
30720
15474
27392
27136
21904
30464
312
5120
11264
31856
6144
15760
14244
19718
6144
25616
4480
16220
5120
14244
15594
25616
24608
24416
27136
13184
5120
23488
11264
9392
21148
9856
16384
16220
27392
11264
16
6144
32032
5120
1536
16320
30720
8448
8896
28672
25720
336
9856
19400
13930
25600
1088
9408
14884
27008
12288
15744
6144
2048
27136
1280
25616
26224
16348
30720
14500
4864
20602
10880
21032
15738
28672
29696
6144
20372
30720
16850
5120
23080
2048
18296
11136
23552
17600
4224
19510
5120
30320
9024
6144
19020
23426
1536
25008
28160
27136
13184
30720
20000
19572
12288
15744
4864
26448
28672
29696
32344
2048
27136
13184
30720
30276
6144
24896
26048
4800
17600
29696
6144
29696
26448
15068
27904
30280
10240
31880
18906
17768
20586
28928
21032
28160
11264
21990
10848
29696
23420
30720
28672
11264
20100
19896
5120
27136
1280
4864
22006
32328
6144
23552
30464
31860
17000
30720
5120
19944
416
200
18416
5120
11264
9392
16796
20734
4480
6144
10240
15732
6144
27648
18644
2048
22530
14960
30208
23420
29440
10240
20664
6144
10240
20156
5120
30208
20408
2048
15080
20780
29696
26448
29696
32288
30720
22208
24672
17600
22176
22240
29696
32232
16644
30720
24672
18892
28672
12288
15744
28672
27136
26232
29696
4288
448
22784
31776
2048
11072
21004
18126
23484
11264
17088
28160
28928
752
30720
22778
1536
19928
2048
28928
20944
8448
800
25232
26688
19896
26880
32232
28672
17320
25952
2048
11264
22482
6144
5120
23552
17408
17718
2048
9728
19374
25568
14208
11264
26208
9232
6144
27136
1280
11264
17828
4768
25680
6144
27392
9376
9856
2048
22800
5120
1536
2048
28928
20608
16200
12864
5120
20644
19426
576
20432
6144
22208
2048
24960
5120
28928
18290
28160
18216
2048
24960
14744
11264
13592
23168
13802
30464
17720
12864
9200
30720
28928
15518
32580
320
26880
19968
30720
5120
1536
6144
25568
20216
8896
26440
19984
27648
6144
21416
20782
29696
15820
6144
26240
22176
22240
25344
22400
24512
2048
1536
912
18016
9152
28000
23552
26240
32200
32648
1408
22856
28672
32348
28160
20212
26032
32208
19486
26880
32232
30720
5120
27136
1280
1024
28672
19264
2048
17668
24640
17306
12288
15536
6144
29696
24608
28160
29696
18874
4864
13854
4864
32540
30720
29696
24224
28160
11264
21804
4864
32492
29184
21376
23330
31744
23552
27392
12672
14388
1536
16560
2048
14912
28928
23316
30720
6144
1536
18274
5120
18820
18200
30720
14818
5120
26784
28928
18432
11136
4352
18892
26880
20456
4864
928
30720
2048
11264
9392
16794
2048
9088
768
2048
24960
24640
17040
13658
30720
320
4480
4416
29504
592
2048
11072
14436
30720
20408
2048
14786
30720
2048
23164
23118
2048
20016
25472
29600
24400
27136
13184
30720
28672
25888
31980
8256
14972
22928
26080
23386
30720
20870
20802
2048
15864
16912
26880
24576
16
5120
1536
21138
20818
1536
9594
21556
5120
1536
14896
16060
1536
22992
18272
1536
20956
15108
26080
22952
16154
27392
24160
20562
30720
14220
26152
6144
29696
19968
23552
8832
20276
29696
26488
6144
10240
23302
28160
11264
18356
16734
8320
8832
25640
5120
20336
29696
22360
20088
18374
28160
6144
15400
28160
23552
19110
11264
15168
22240
25088
11264
20224
2048
21560
24736
18252
22278
22928
19850
28160
22384
6144
23552
25664
16666
2048
15864
28672
9168
2048
11264
9392
22372
17772
672
17536
29696
22588
6144
14822
26448
2048
592
24416
10880
17984
24736
8448
25728
21456
672
29696
6144
14760
6144
24800
22576
2048
28032
20888
17880
1536
15792
18982
30720
6144
28928
17836
26240
28928
22424
9728
15880
9728
15370
9728
13994
28928
22504
672
17536
29696
13608
20692
5120
15672
6144
23552
26392
6144
23552
26752
14610
2048
13886
28672
14704
16474
8320
13696
8448
11264
6144
19846
10880
24736
9424
29696
16544
6144
10240
19380
24736
30720
10240
13880
26880
14248
18072
2048
11264
15944
9296
24736
9424
18460
18254
23366
22714
2048
11264
19000
17800
13966
21082
8320
17848
9296
17330
30464
20286
14098
2048
1224
6144
30464
19418
9296
32480
30464
21108
28160
28928
10816
6144
30464
18322
15552
29696
20898
9296
928
23552
30464
20930
5120
28928
23296
9296
20700
23552
10240
30464
22106
30720
10240
30464
16504
18700
5120
28032
28928
13544
30720
22504
20176
26408
31904
24736
9424
30336
21076
26752
8320
21392
28160
29696
26368
6144
23552
22812
14850
4480
24576
13312
16150
22900
18808
5120
22900
16560
6144
10240
30464
16896
17962
26416
18350
17316
11264
14422
26616
2048
1536
25664
30720
11264
24128
14640
2048
17148
4224
24736
27136
15046
10784
32256
6144
27136
1280
12672
16644
29472
18180
29696
32288
5120
1536
16560
24672
27136
1280
17600
22892
2048
20428
8448
27648
19244
27392
9728
18898
30720
27392
9728
20668
30720
23552
21568
4480
24832
14656
11072
14136
32244
28000
12640
30464
20636
30720
16774
12864
30464
17920
2048
17072
27392
17292
5120
27648
6144
24432
29696
4864
26448
6144
5120
13312
23552
21180
22652
2048
11264
32088
2048
27136
13184
13440
4416
27648
4160
27392
28928
32224
30464
17600
17780
30720
6144
1408
4608
23316
23400
30464
19220
22026
20078
28032
23192
13248
29696
23026
27392
8768
4608
23552
30464
26512
2048
20508
8320
12960
13312
15292
20082
5120
27648
6144
25728
20206
10784
32456
32256
24640
32712
29696
32288
15672
30720
14704
14522
32712
27136
1280
18884
6144
25088
19746
22840
6144
23552
13312
1536
16560
27008
23552
19588
11264
16960
2048
27136
26232
30720
32352
13820
27392
29184
2048
18514
30720
12960
2048
17408
21812
2048
4416
12288
20318
15760
29696
12608
30720
8896
26144
6144
22124
15170
28672
24128
18326
5120
28928
14176
32160
40
8448
16268
2048
20594
14462
11264
32704
30720
26568
23014
896
2048
17984
19960
6144
14534
26192
19040
27008
23552
4864
28032
19744
5120
27648
31872
28160
16340
20138
11136
10240
21154
12288
14632
30720
23552
12288
16296
30720
15040
30720
28160
27648
6144
21180
5120
27648
4864
29296
2048
23064
29696
1056
5120
18676
30720
24896
6144
27136
1280
27648
18170
30464
32032
27392
11264
29632
16818
15900
30720
29696
12608
30464
14688
1408
18156
4864
15120
30720
2048
23552
15262
5120
23468
27392
15904
8320
27392
26584
17830
17974
20832
25600
29600
29536
18216
6144
9344
12288
25088
15586
30720
2048
25088
15950
19864
6144
1536
4832
2048
27136
24704
10240
17382
2048
25712
1536
17060
30720
6144
29696
24608
23404
4480
18282
29440
27136
32208
30464
32184
18330
30720
8448
28096
11264
4736
15128
30720
800
18932
9856
17100
5120
18792
21982
30720
5120
12596
15496
28160
320
2048
1536
14418
2048
11264
24256
30720
2048
1536
18134
896
9408
13702
26880
26200
30720
24576
5120
28032
32452
21620
11136
1536
4832
10240
21372
2048
22240
27136
24704
15192
2048
6144
31836
32256
184
26624
32568
6144
528
28160
29504
26704
11264
19476
26880
32344
6144
23552
18864
29696
14180
2048
28928
23184
20572
12640
23552
19078
29184
25280
1536
32412
6144
9856
15220
10240
22334
30720
13720
5120
15486
32332
32164
30720
18544
1536
17200
5120
30320
32540
26536
2048
28928
13950
28160
23488
29280
26584
23056
1536
25008
30720
25616
14612
29696
16630
4768
25680
5120
23488
23552
10240
30464
19552
27392
16840
11264
17194
30720
14390
6144
29696
32288
9856
32552
26880
10080
14128
29696
17804
2048
27136
13184
28672
29696
15212
2048
9728
22018
30720
16960
2048
23122
21840
6144
23552
13848
2048
11264
24256
24544
8320
29696
14950
2048
12928
24896
6144
10240
30464
21816
32532
25248
29696
17482
21064
208
27648
32420
29696
32288
30720
27648
18460
27136
21904
9632
6144
29696
21888
2048
24288
4736
18432
9856
9600
20162
11264
15092
30720
2048
17984
1120
216
25280
28160
26424
30720
20992
6144
28096
23552
15920
11264
24256
11264
688
4864
26576
2048
264
8448
27136
1280
9856
9216
13440
11264
640
26424
30720
32348
4864
32048
2048
18696
2048
28032
27648
4288
17536
21544
20886
6144
10240
22508
24576
12288
19378
5120
11264
4736
24112
30720
25720
20046
4864
30400
32288
30720
5120
11264
20170
22936
2048
27136
20964
17742
25600
27136
1280
32636
30720
16936
2048
14704
18216
4352
2048
28928
9120
8448
22452
30464
25992
6144
32144
29184
32736
28928
17100
22132
30720
24576
29664
5120
29504
9472
26616
4480
6144
9856
608
14474
30720
18588
30720
32352
28672
14074
16404
10240
17536
5120
26720
2048
21488
32064
26656
11264
4288
23552
30464
19638
6144
13822
9024
25248
6144
10240
16590
30720
26688
27392
19302
10240
10864
28160
1264
30720
30464
8256
22040
21544
19112
32684
25072
6144
11264
20568
26240
31996
2048
11264
4736
20660
30720
28160
32084
30720
21736
24768
30336
13804
11264
18346
6144
11264
16482
4864
15960
21466
5120
4224
29664
29696
22682
14792
31744
28160
22076
24768
10240
22624
25088
8768
22176
6144
28160
12288
2048
11264
23392
9360
11264
18950
30720
20492
18740
1536
17906
4864
14068
30720
21258
11264
18812
9232
6144
29696
32384
10240
16798
28160
16584
208
12672
9040
160
30720
20198
25072
11136
29312
10048
6144
11264
22108
15432
28160
30208
10816
28096
26240
24896
13622
30720
352
22944
2048
32256
14002
6144
27648
17526
2048
4096
32000
31868
11136
17048
26392
27008
27392
19012
19820
30720
16016
21392
16112
28096
24160
32644
29696
18788
2048
6144
25728
23040
5120
18492
1024
21962
26432
29696
23108
10240
20282
28160
32000
21360
10816
10112
14240
24416
23488
16746
25504
4672
18408
30720
11264
9376
2048
25344
19328
18624
23256
4160
13024
20392
17748
8448
25056
9216
28672
15432
20568
9728
22066
30720
20246
12864
5120
11264
4736
15008
6144
23552
12896
25088
2048
14608
8704
21476
8448
14458
2048
22240
25728
16324
2048
21718
28672
24160
16598
20376
30720
23552
30288
25088
27136
13184
30720
16950
28672
25888
31980
11264
20732
2048
11264
32684
18512
11264
31812
28672
15826
15956
30720
16708
26880
32448
2048
27136
13184
30464
24432
32152
20048
22472
8832
16744
30400
24992
29696
24448
6144
21426
9520
2048
18724
28160
25344
24128
16508
29184
4352
8448
24736
5120
23488
26240
19504
30720
14992
22800
1536
19826
30720
20958
30720
19060
29696
19968
6144
29696
24160
30720
25344
24448
10240
18522
4480
6144
21284
6144
26752
15456
22730
28160
29696
15284
27904
28160
27648
2048
25344
16044
29616
20638
6144
25728
23552
25056
25088
9184
6144
11264
21644
19404
96
2048
24464
5120
26784
8704
15034
30720
20704
6144
11264
6144
1408
4608
8832
16504
11264
15204
2048
28928
17520
30720
10864
28160
30304
25952
11264
16374
2048
9728
19140
23552
30336
2048
16428
18768
24416
27648
6144
11264
8704
696
20160
32180
11264
8224
2048
10752
13248
27136
384
28000
4352
26240
6144
1408
13024
10240
29312
21996
23552
23272
25728
12602
11264
32236
2048
23438
30720
21662
28160
28928
14814
19432
576
15240
29616
22848
11136
29312
9440
18784
20502
26880
24448
30720
26880
15840
27648
6144
14206
18822
6144
28160
11264
19648
12896
29696
20384
27904
28000
23552
30336
26504
29696
22946
8320
11008
29696
21332
528
6144
29312
14966
8320
15042
13746
12928
5120
24544
30720
22036
25872
19272
30720
29696
22008
2048
11264
19000
30720
15568
4864
32480
30720
19536
18224
30720
14264
2048
12544
12864
26880
16196
12928
6144
5120
28032
29472
18604
26440
17188
11264
31852
5120
1408
768
30720
5120
20768
31848
9136
9136
30720
24672
26752
25088
31776
28160
29696
13654
6144
10240
21972
28672
13824
29616
21936
2048
12288
19350
20142
32728
31776
29264
15776
28160
22872
14216
8320
28160
24352
12288
13968
4864
26368
6144
21552
15026
28160
15212
26560
17376
16918
8704
29584
10240
17884
26520
31888
25728
19734
30720
17698
2048
25472
27648
6144
25936
17256
8448
4224
26592
30720
8448
25856
10880
4224
26504
25472
5120
28928
17752
16114
27648
6144
15186
9568
27136
400
8448
32512
31920
23552
10240
20858
5120
1192
16040
6144
27008
26544
30464
14088
15604
8448
23488
14772
30720
27008
25728
23552
30464
32596
32404
8448
23488
14844
4640
26240
26176
15936
20056
25728
5120
16248
24192
32592
13440
6144
25728
25056
27392
32432
30720
27392
21062
6144
8768
13024
6144
10240
24512
17408
26384
4864
24128
18192
18828
23552
27648
26240
25088
6144
25344
21244
11136
5120
17408
27648
6144
22144
32664
23552
10240
14902
20590
28672
304
2048
1536
6144
544
28160
11264
20190
5120
24
2048
31852
30720
5120
30320
18714
21072
17050
28672
12288
24400
2048
8896
26656
11136
17600
22176
6144
28928
18682
27136
21904
4800
904
5120
32760
2048
864
19888
9856
14530
28672
1536
13960
768
4864
16420
6144
22768
9728
32652
18590
4288
9856
11008
12928
14268
6144
29504
21776
25088
17600
2048
13996
14614
6144
2048
26384
2048
13056
24128
19094
30720
23552
25232
8320
9408
512
9024
5120
12928
13440
17154
18452
28160
28928
32080
30720
13312
17536
9456
19168
9040
9136
11136
27008
26880
26200
2048
15776
23452
15864
30720
21116
30720
21628
56
14580
30720
15038
17016
30336
2048
15440
5120
16118
29696
22968
2048
232
17248
29696
6144
10240
12896
23114
28160
8768
25920
23552
26752
4480
24832
12598
19926
5120
6144
13814
5120
24544
22776
29696
19272
30720
14356
29696
19204
28000
26064
800
6144
25024
17338
18596
30720
30320
18250
23310
30720
15876
17168
20942
15544
30720
26400
9472
6144
17536
29696
21966
6144
31836
27136
1280
15276
12288
18368
31920
2048
28928
21694
19788
6144
17536
22920
4160
28672
12832
23102
30720
23146
14358
20960
20074
13528
27392
1536
19888
8256
23264
15376
20388
31776
19578
22994
22332
21784
16490
22098
17178
30720
21388
22552
31920
17104
12606
25472
28160
25344
104
30720
28160
11264
24100
21656
21496
30720
26672
20966
30720
21052
14892
26720
28160
25872
18760
22068
19332
2048
25344
17252
14276
2048
14466
18826
2048
21338
20102
2048
16914
15592
2048
20120
16132
2048
17070
18284
2048
16098
32644
4864
20270
6144
10240
25856
5120
12288
15688
15476
20302
23552
20972
9008
2048
13552
18312
32336
2048
25344
16752
27904
32464
1088
17684
12288
15700
15320
1536
18818
504
5120
24352
22796
30720
32032
28672
29696
32120
16472
1408
24128
14492
28160
29696
8976
20620
24352
2048
11264
13610
6144
22574
28160
9728
22614
24496
19872
31920
30720
19444
16454
8960
8896
13056
16934
30720
18122
6144
10240
15070
6144
28160
11072
13912
10240
15414
15448
2048
9728
9536
11264
13780
30720
30464
20164
30720
23552
32712
24832
20076
13440
25712
12288
23084
30720
17216
2048
11264
20122
104
2048
28928
14236
32016
11264
21856
26656
6144
13056
20352
29280
28096
29696
26552
2048
27136
13184
26440
4480
19822
11264
18872
4640
8832
17044
30400
23280
2048
11264
15656
14928
2048
12288
16788
6144
24160
4224
9120
30336
9216
11136
26496
23552
12288
25856
2048
25472
24896
16736
8320
2048
28928
4224
26152
30720
18500
22296
10240
29264
20202
6144
17734
16600
5120
16864
30720
32352
10240
30336
2048
21320
24896
26720
26048
28160
15560
4160
8448
28160
30208
9152
280
31968
30400
24992
22516
24352
12288
24768
32472
30720
23480
27392
25904
2048
15072
352
14924
9040
6144
8896
20932
11008
27392
8768
14494
26376
27648
6144
13312
24512
6144
32424
13056
28160
19580
2048
25344
21262
31956
29696
19598
10752
32620
13248
5120
8768
26704
27136
16048
6144
11264
8704
32168
30336
15928
28160
29696
752
30720
6144
4800
18088
15114
10240
30464
10864
9008
5120
30208
14646
2048
12928
6144
30464
14688
4096
27648
6144
24064
32528
32700
2048
24224
25904
6144
27392
29696
2048
912
23552
23358
6144
10240
25728
29184
2048
11264
21504
20088
15588
18016
18718
6144
23552
26392
14600
19742
5120
16822
18708
26240
30720
120
26064
13248
27136
13718
27392
27648
4288
25856
8704
9488
30400
27136
13184
17222
30720
21144
26880
20936
2048
28928
19932
13740
15886
17046
17812
9232
6144
12288
26672
22660
30464
23376
2048
22512
26032
1280
24432
6144
13312
30464
17162
30720
29696
32288
17536
27392
12928
29696
4288
312
24288
19200
1024
13982
2048
20576
14128
11264
8224
5120
28928
9328
30720
13312
10240
11264
19608
30720
26160
2048
23372
19252
20040
30464
32608
11264
17488
9456
13792
13648
2048
22720
8896
19936
17408
22176
27648
6144
25728
14672
32084
32756
26816
26848
21936
2048
6144
24352
12288
24768
18016
10816
24800
17732
27392
26376
2048
15636
32428
27648
13576
25728
13248
31888
14988
32192
2048
11264
18612
6144
17894
13704
27392
26376
21100
4640
27648
23002
24192
27136
384
6144
27008
4352
176
25728
26816
14310
15904
30720
12960
21646
31744
8320
20736
8320
704
23360
8320
21740
28160
29680
15520
14916
2048
25872
14194
21164
25216
25280
24832
17600
32192
2048
11264
18612
30720
29696
29248
24640
21756
9696
27392
9696
11264
23154
2048
8896
26144
2048
6144
23552
25504
10240
14106
13584
30720
2048
6144
18680
32560
10240
20868
12928
27008
2048
24960
23552
30464
14370
28928
22400
6144
17600
15938
9632
6144
25624
18232
11264
16306
2048
8896
5120
22920
6144
23038
23552
17408
22176
21434
30720
14146
24896
13874
2048
23468
16888
27648
2048
15776
608
14178
27392
1176
2048
23000
30720
20826
30720
23552
27392
18796
13858
8320
18362
8448
28928
30400
27648
20924
30720
27648
21418
19440
20656
9344
28096
17756
1536
6144
9856
6144
26784
29504
17744
32508
29472
28160
11264
288
30720
18662
6144
28096
17600
32048
2048
20946
13864
26024
4480
4160
24896
920
26880
19766
2048
25712
29648
30720
27136
32208
28672
27136
1280
5120
28928
14216
28672
11264
21382
2048
11264
16
2048
11264
26384
21308
23092
29696
32288
30720
29696
12608
16924
8448
22710
30720
20578
11264
32288
2048
28928
32088
28160
28928
21380
27904
27648
6144
22116
17536
6144
10240
19230
28672
10880
23378
2048
14620
6144
1248
18412
5120
32688
27392
32476
4480
6144
27648
17198
28160
8768
23332
17364
1408
8448
32720
2048
18808
14328
20272
6144
1152
28160
22144
15188
21222
27136
13184
30720
12864
27136
32208
30720
9728
19952
28672
1536
4832
2048
27136
24704
30720
1536
25664
13832
28672
29696
25680
13584
27392
26024
30720
26112
4864
1056
10240
17712
1536
14350
30720
10240
19008
29680
2048
1408
1120
30720
29680
2048
15288
2048
25904
6144
5120
27136
1280
30464
14498
17408
12736
26080
2048
11264
6144
28160
11072
10816
9856
22584
16398
1088
28672
21240
15528
10240
22830
9360
13312
29472
16416
30720
20934
2048
12288
20682
15296
14060
5120
26688
6144
32636
30720
21798
2048
17984
14432
20804
30720
14252
32328
30464
17136
24288
29184
12288
25952
30720
1536
21000
2048
25904
6144
27968
13312
16076
28672
21880
23552
25232
18728
8320
4416
12736
25536
25088
6144
20962
30720
14968
2048
4096
9008
2048
18528
13056
16336
19172
30720
12864
32032
28160
11264
432
2048
27648
6144
28928
20796
30720
17140
20400
30464
17052
30720
10240
22112
6144
24352
9056
23034
9344
18796
2048
11072
24976
9152
30720
4160
24896
26048
13556
28096
29472
18104
28000
23552
10240
8192
22610
8320
22698
28032
5120
9696
8448
9856
17368
6144
23110
29696
1056
15734
32152
21968
15680
12928
2048
25280
1536
16276
29472
28160
28928
624
22912
30720
28160
28928
8992
14842
29696
4288
12640
30464
16880
29184
25504
4480
9520
11264
8992
20274
2048
28928
9328
23552
23248
2048
21624
29680
9344
24352
9056
20098
14886
23288
23552
19210
15002
28928
20304
25248
4096
28160
24832
17276
11072
18712
30720
592
2048
28928
9328
29696
4288
19148
21536
32484
15506
5120
4096
29696
18486
2048
28928
22792
6144
17536
4160
21366
25568
11264
32720
27648
13640
18996
30720
30464
14846
1536
21362
13056
32328
6144
23552
10240
22042
18792
5120
29536
14566
19460
12864
28160
21954
30720
26880
30284
4864
31984
10240
19288
1408
12832
21984
28032
22240
11264
32712
23456
29696
10080
23552
29696
4864
24384
13440
29696
32492
6144
200
23264
23280
2048
11264
15656
16756
26640
26816
25640
21422
11264
592
28160
6144
22586
11136
4352
1240
4480
128
25088
26480
11264
26616
28160
6144
25872
24128
18878
26816
15348
576
4288
10240
21682
27968
29696
13926
17230
14012
28672
11264
15622
16592
14560
22696
28160
32540
28096
26160
2048
17700
12288
20448
22958
26880
15132
16466
20044
2048
23168
15142
14784
17344
5120
11264
32600
4864
16156
1536
18360
18404
6144
19396
12288
14998
17134
4864
23176
20648
27904
12672
26064
9232
6144
29696
16606
2048
11264
14396
20150
18324
29536
15024
11264
20184
2048
12288
19660
13752
28672
28928
22704
30720
21024
14596
27904
248
21236
29696
25088
15148
30720
16622
9120
6144
21604
13904
28160
19334
16008
28160
32344
30720
14038
28160
12288
15514
23552
26816
18780
8320
21124
4096
14656
120
9008
2048
32512
25008
32752
5120
11264
18056
2048
11264
21920
21016
6144
21146
27008
26880
20844
4864
9280
30464
17192
26816
31964
13056
16840
30720
13056
16628
6144
23552
26816
16100
30720
23552
17344
19712
12288
18448
6144
26816
30336
14344
25872
4224
14236
27904
17784
2048
768
2048
11264
15976
17476
6144
25872
19624
26816
29616
18980
8448
27648
31964
27392
11264
15350
30720
15574
12288
21336
4864
23176
30720
24976
19834
6144
1240
6144
15052
29440
17180
17670
27904
11136
23552
29312
26240
16216
25472
12736
14728
5120
10752
17722
6144
25728
29312
20692
9360
25728
29312
22722
27904
26880
128
2048
11264
22476
14744
11264
12832
2048
752
30720
22708
18742
28672
13056
19076
23374
6144
12960
1536
22890
2048
11264
15556
21304
27392
19004
6144
17600
22176
27648
6144
17724
19852
27136
1280
23206
28672
11264
21368
22476
11136
12864
14900
2048
28032
28160
28032
11264
14188
2048
31944
30720
22208
6144
30464
14832
29696
32700
13604
28160
17386
30720
22362
16750
28672
28928
23312
31844
4864
15244
2048
23168
32452
21772
13970
1536
18404
6144
9344
9728
14548
4480
32640
14162
2048
11264
17754
30720
19372
12672
29184
30720
19576
14744
11264
13592
30720
32188
10880
24128
20042
8256
23264
248
20996
6144
19554
6144
32256
29184
29312
17104
18276
21054
6144
14200
2048
25344
768
26880
16228
464
6144
4672
24768
9984
5120
22538
6144
23552
29312
14284
15458
28160
8768
592
29440
704
29312
22904
25248
4096
17472
13056
16604
20088
14856
18448
8448
24800
12288
6144
12544
10240
29312
25968
17862
6144
8448
12672
21312
22288
27392
32640
12288
18972
2048
25344
22620
30720
27392
17400
29600
14508
6144
29312
16956
30720
23552
27392
14248
26576
2048
17272
30208
17176
28160
6144
29312
19716
13440
27392
18616
16608
30720
20812
15740
27904
28160
27648
6144
26184
5120
11264
19102
2048
8896
25632
25344
26592
25728
21370
2048
28928
21504
30720
4224
21638
6144
23552
29312
13676
28160
4736
8320
28160
18088
19802
11136
27968
23552
18986
27392
11264
21232
10112
27392
25344
17240
20660
29696
15684
25728
24576
11264
18636
10112
12736
25536
15470
6144
30464
25056
15004
27392
27648
32560
28928
19624
23552
32408
23162
6144
28160
25344
14864
6144
28096
12896
32660
22648
23100
27648
6144
10240
30464
30336
2048
19462
23552
32332
5120
9728
32252
30720
17976
13634
13440
5120
11264
22724
16730
8896
25632
10240
30464
22744
28672
25888
21140
30720
30464
19014
17320
12288
15536
11136
11264
1408
23552
15196
27392
24528
18422
21826
19134
20584
11264
19704
28160
18674
9056
18488
30720
11264
20188
28160
29696
15664
2048
1536
22044
26416
16766
15412
15742
25904
28672
6144
17536
24976
27136
1280
2048
11264
18076
28672
864
18876
16468
20696
27136
1280
10240
22208
2048
29504
1120
20060
30720
14108
4864
21576
8256
18332
30720
24288
21736
17878
26848
25728
20440
2048
15792
18940
31744
25624
26848
13516
8320
15220
8320
12592
6144
5120
1536
15792
16264
1536
22640
32152
16984
30720
28672
29696
21872
6144
16318
9264
18912
30720
21716
21978
11136
26584
1536
17312
14656
27392
1536
14808
28672
15736
21096
22804
28160
4800
17484
30720
15714
22882
10112
28160
32000
15664
2048
14398
10112
28096
12800
32000
15942
10112
12736
23128
19490
31744
6144
29312
22640
5120
25344
704
12800
10880
15664
2048
136
18260
10752
6144
29312
17504
28160
19862
32016
26496
11264
21920
30720
1536
912
19536
232
18586
16858
2048
32736
24224
15840
6144
17006
1536
13716
27904
9600
352
17408
4160
8448
25728
25936
24960
24736
28160
29696
26368
30720
29696
32532
6144
30336
13670
29696
28096
13736
18072
2048
11264
21920
22982
9600
23382
10240
15704
21988
864
16140
2048
15140
30720
864
22560
2048
14656
5120
1536
17144
9296
26816
10048
16000
8896
19780
4640
11040
25728
27648
6144
29312
10048
26520
31888
27392
23552
17408
13056
20440
8448
8704
29584
28160
12288
14558
18940
16368
28672
28032
26176
18428
22632
30720
19178
6144
29600
22660
6144
27392
12544
13612
6144
23552
24800
4864
28032
18128
21152
14366
16636
24192
27136
32672
18550
25968
2048
17408
15580
27008
24800
25280
21330
6144
25968
15632
17120
22130
4480
15440
5120
4416
12672
30720
5120
1192
28160
30208
22324
27904
27008
20084
4096
8768
32436
23150
30720
20560
30720
31964
8448
23552
26128
18772
13440
2048
21980
30720
24672
23552
31992
25088
2048
28160
11264
14478
21782
15544
30400
9568
31888
28096
25728
1536
26848
20882
30720
30208
22450
6144
12544
23412
13056
16046
26240
15096
2048
20824
30720
9984
12736
17872
24288
22690
2048
11264
6144
25728
26848
24480
25472
6144
26128
1536
19026
32124
280
10240
32664
25280
21172
5120
20214
14880
30720
5120
864
21528
20628
31744
26016
19628
5120
21640
2048
19602
18240
21658
12672
8896
27392
27136
21904
4160
8448
13056
9136
32240
2048
19280
5120
27648
6144
8896
21220
4640
26816
13938
22056
8896
31828
24192
27136
384
11136
26816
32404
25216
6144
1536
680
16754
14008
30720
9632
6144
14910
19074
16068
10016
23552
21172
18750
11136
24800
18118
30720
27008
23200
23552
15848
19280
24768
14774
13440
56
30720
16408
27904
11264
336
26240
6144
8448
40
22664
6144
16168
23016
29696
22034
16068
30720
23552
15848
22092
16192
2048
17400
304
28160
9728
14564
30720
29696
4224
20312
29616
25536
6144
19772
30720
18686
23552
26240
32200
6144
10016
19192
25536
23160
30720
27008
5120
15200
26816
10048
6144
31864
17254
6144
13700
19628
5120
16854
10112
26544
26816
16388
10112
13312
560
22910
28672
4416
6144
23552
30464
14542
27392
22020
21472
9264
18390
15306
15760
22400
30720
21608
30720
20260
27136
32208
30720
12576
6144
8896
23552
23472
5120
32744
4864
28032
28160
11264
432
2048
28928
22396
5120
23488
296
28096
24288
28160
1536
22142
1216
2048
15462
28672
11264
20808
30720
16844
14524
26880
25680
30464
22116
6144
21128
5120
9072
30720
17036
29696
18396
2048
21864
29696
4288
27648
14688
28672
25720
14202
14272
28160
1088
29696
32288
10240
9856
22764
28672
1536
16560
6144
30464
22754
25248
28928
16128
18160
10880
32256
30320
15010
17486
12576
4864
14040
2048
11264
18936
2048
24544
4864
10880
26200
11264
21404
30720
4864
24224
11264
1008
30720
27392
15744
21808
5120
8896
6144
14450
28160
28928
472
30720
20462
2048
12288
16184
5120
24544
30720
10864
5120
1536
29536
22060
4864
15664
5120
1536
29536
16560
28672
9728
22110
32016
9232
6144
10240
18962
29696
21576
14292
11264
20432
28928
25040
30720
9200
5120
19590
2048
27136
13184
14570
6144
19218
2048
21752
2048
28928
22792
5120
23488
27136
1280
8256
4640
15416
4672
15808
21112
6144
24352
29600
21976
24800
15110
5120
1536
6144
19084
27648
6144
25728
21632
30720
27008
29600
17296
23552
29312
21830
23552
29312
22894
25728
27392
18960
24736
21016
11136
5120
1536
15792
2048
25504
21492
30720
17264
21592
24640
23480
22916
18666
11136
23552
26752
28160
29696
9280
23488
10240
16656
15020
24496
1536
17232
20134
6144
26128
17832
2048
28928
26040
30720
32468
5120
32252
14604
30720
5120
32252
864
0
6144
13856
27392
56
19860
17220
5120
1536
15388
20264
28672
28032
26176
11264
26040
26240
13056
14802
6144
27392
27008
16908
5120
13888
2048
26784
11264
15724
6144
32712
28928
17294
16132
19144
23116
20236
2048
28032
17260
30720
17298
2048
18528
32600
28160
29696
9280
8448
11264
32440
29696
16056
28160
29696
13866
20420
18520
19062
27008
32000
18394
27392
22734
26560
8832
26848
20540
6144
2048
9184
30720
5120
15106
25624
30464
22700
5120
17112
30720
14000
5120
10752
29312
20294
24100
14528
29440
32000
31776
19468
464
29312
30336
20846
6144
27008
2048
18494
29312
25984
21200
23552
10240
29312
19142
2048
11264
31856
12288
9312
6144
28160
30208
10816
29312
21854
20540
4480
15392
15112
30720
13674
8448
32536
21012
10784
32256
6144
12288
22600
4864
10816
12672
19908
28672
27136
13184
29696
32288
30720
29696
12608
10240
19680
2048
27136
18124
30720
9728
19952
30720
4864
17820
30720
2048
28928
20524
30720
24352
9056
17530
21496
26536
2048
29648
30720
22022
21472
10240
13868
30720
216
2048
15100
22618
2048
9728
14300
32464
27136
32208
26880
32288
32504
9856
2048
16732
4480
20558
28160
27648
6144
17276
27136
13184
13978
6144
23552
13722
25536
6144
25088
19264
30464
20496
6144
21842
30720
6144
26688
22932
30464
21832
2048
28032
32192
6144
13312
32668
6144
352
1208
480
4352
2048
28928
16122
8448
4864
16658
2048
20572
30720
21774
2048
27136
4704
30720
24
2048
31960
5120
28928
16274
4768
32288
19798
2048
4416
22240
10240
30464
23094
28672
26784
16618
22316
5120
20896
12736
904
30720
12736
4608
80
5120
26600
20080
4768
29248
10240
18232
26880
32288
30720
30464
32032
32576
15356
17396
6144
1536
9856
21654
28160
10880
21828
2048
11264
17708
29440
10240
30276
11264
16344
4864
23460
15330
30720
6144
28000
28928
20900
23552
9856
22940
25088
27392
32476
6144
10240
1536
22094
16672
4160
28000
13312
23552
15976
21276
23552
1536
8
4768
32288
10240
27648
21796
30720
19406
22848
22208
6144
26880
992
4864
22312
19818
16344
2048
19574
30720
21676
27392
29440
22300
17408
4800
20872
30720
20592
4160
28000
11264
4864
23460
15194
9856
608
16176
6144
9600
27648
32144
20856
28000
352
17408
22596
24352
2048
10880
624
16612
30720
32352
11264
20710
28672
17238
2048
13730
27968
32324
18140
16396
5120
9104
30720
9600
28928
31828
29696
10080
28672
9728
19342
11136
23552
22596
12864
19150
2048
27136
13184
30720
19450
5120
17332
21296
29696
18328
27904
11264
26024
6144
18924
17600
21408
20000
32532
29696
21576
20906
28928
19794
5120
1536
29536
22060
18064
1536
25664
8448
10240
30336
9216
28672
9728
17702
19364
12864
8896
25632
12800
28928
15208
21396
2048
21410
5120
15614
23320
2048
28032
12672
18064
29696
32288
30720
29696
12608
12800
9728
14184
31928
15468
1536
17212
8448
10240
30336
9216
28672
32656
30720
17980
19236
23552
21342
25088
2048
27648
6144
13616
29696
15856
18048
2048
1536
16120
26032
1280
20000
19424
28160
11264
32720
12288
25952
23140
16378
1536
21000
30720
14834
5120
12288
19750
28672
32256
15528
30720
9552
22120
8448
27008
23552
24064
26096
2048
13532
13440
15258
2048
17310
27904
32352
28672
11072
21872
30720
15528
22748
25248
29536
22088
6144
18564
5120
10880
14490
29440
30464
25992
26880
22070
17408
26432
16708
4480
13620
30720
24576
14072
5120
1536
136
30720
21636
28672
29696
1056
17536
2048
26112
29696
12608
6144
20520
10880
25504
26216
11136
13312
15976
6144
23320
2048
10880
14860
6144
32112
2048
25568
10240
20822
9856
10880
21672
2048
25088
16104
30720
25888
800
6144
11072
29440
19222
22842
16594
29696
26112
4864
10080
30720
32352
80
5120
18452
28928
22138
10784
1088
11024
29696
32288
29696
21184
30720
22208
6144
5120
9728
23084
26224
25248
31940
10112
19072
15912
2048
5120
9104
29184
23056
30720
16696
2048
1536
19528
26568
26480
14532
11136
22546
23552
28672
11264
15490
30720
17706
2048
1536
136
13440
8448
23488
20000
12800
15812
2048
20792
30720
28672
24448
2048
32624
26480
5120
15890
5120
11264
25920
6144
32560
2048
1408
17978
2048
25568
10240
17746
13838
1536
16016
5120
1536
18912
30720
22074
19190
30720
24608
2048
1536
6144
22716
4160
28160
15640
17600
16976
2048
13536
30720
30400
2048
1536
15984
6144
30464
17042
19984
11264
19016
18112
4864
21576
25664
12928
24544
32288
30720
10080
30720
25088
5120
27136
1280
20060
30720
18308
23552
25232
17072
2048
32628
24832
20968
14656
11072
26096
2048
29504
16764
12640
28096
10240
9856
15928
5120
15712
19984
12288
16954
2048
1536
25664
6144
32240
2048
17408
32000
15226
14552
10112
24224
20226
23168
17766
14868
5120
11264
9392
16836
21208
2048
1536
25664
5120
23488
17536
13508
11264
15692
24432
22000
23304
27648
6144
16492
18768
30208
24736
32152
1120
22950
26688
11136
32128
23552
27648
21218
19392
27136
1280
11264
32080
30720
8256
22712
17282
30304
16080
14112
0
24800
19228
30720
13934
28160
12672
2048
11264
21920
21120
1168
27008
27648
22788
15366
28672
10016
4672
20794
30720
27008
32544
23552
26752
4480
24832
29312
16500
28160
21684
27904
5120
30208
32048
17920
28096
9584
29696
32288
30720
29696
10080
19984
6144
1536
15968
31912
28160
14588
28672
27136
1280
2048
11264
18076
4480
512
2048
25904
6144
23552
16968
17092
28928
15050
4768
32092
5120
27648
6144
27136
1280
26440
17392
18880
32436
14426
6144
11040
25088
2048
31896
2048
15076
6144
2048
12288
14158
2048
22980
19584
4160
27008
23552
12896
25088
6144
28160
1088
22468
21046
18816
20894
27648
6144
16790
32180
11264
8224
2048
10752
9568
27136
32672
720
4352
25704
20114
30400
24992
6144
15618
6144
25728
23040
24976
28160
8768
32720
27392
23048
30720
18990
2048
21528
23008
6144
11264
26040
25088
26240
18320
2048
1536
21528
6144
20672
2048
1536
15388
23280
9424
19642
30720
23552
2048
14400
2048
20706
19676
25624
11264
17264
10240
20528
4480
19686
28160
28928
18474
13440
2048
14400
4160
5120
21300
30720
13888
2048
11264
8992
16588
30720
2048
32100
12600
14828
20890
16272
11264
21678
23434
11264
19018
25968
2048
26720
28928
21492
28160
29696
22826
2048
11264
14446
4480
6144
21600
2048
14070
30720
14574
28160
1536
14996
20268
29440
1536
15792
18776
19256
1536
22078
6144
25968
2048
32736
27008
19446
32624
5120
11264
19184
30720
16726
18970
2048
12288
15250
23364
22176
29696
30400
27136
1280
2048
11264
15958
13248
5120
8768
26704
29696
19912
6144
13312
9440
24976
28160
8768
20810
23552
27392
9728
23166
30720
23098
13440
27392
11264
18088
24112
2048
14400
5120
23488
11264
26040
19472
30720
11264
32468
21092
22012
25704
9136
29696
23280
2048
11264
15656
14928
27008
28096
30464
13760
21136
28160
32000
19770
19872
17190
22566
30720
19944
14224
18668
14464
28160
14820
14022
30720
28160
21132
22844
27392
25088
6144
10240
16500
11264
23048
28160
17532
30720
11264
20712
28160
15054
20696
29696
16976
19288
16212
26880
19308
30720
26880
32636
28160
14782
18054
18208
27392
22010
11264
13758
2048
14940
30720
23552
8192
25216
27648
6144
30464
9856
13936
30720
28160
11264
8992
32104
20242
25280
1536
6144
28672
13312
20550
10784
1088
8896
26144
6144
10240
9856
21264
5120
20016
11264
32080
4480
23156
31808
8256
16884
18224
20368
29184
10112
20368
31776
27392
27648
6144
18764
29696
368
2048
18916
26240
6144
4352
9440
24976
25344
30400
27136
1280
8448
25344
21244
13312
9984
28928
17508
20428
13312
23356
30720
17342
30720
19934
9728
15312
8448
1536
15984
20640
30720
8448
12288
26528
17492
9232
6144
30464
18706
19692
12672
16700
16028
32068
18436
5120
24464
20336
6144
9440
13840
720
25728
26848
24480
25472
5120
32084
1176
6144
1536
16264
8320
18848
8320
18992
8320
19736
30720
25344
9328
27008
23552
30464
32472
5120
11264
32136
21094
25088
6144
23442
18554
27904
19668
5120
21480
26880
1056
14936
9456
22140
30400
1056
30400
15316
22672
8704
29584
6144
23552
30464
21732
30720
19056
6144
25728
23552
17770
30720
15962
21316
10240
19024
9264
26600
21272
720
14920
6144
30464
21732
27392
25088
6144
10240
23380
29696
21184
15896
14920
6144
30464
20688
27392
25088
6144
14866
9728
17798
10784
32460
29440
26384
11264
23048
23552
29264
32648
11264
22978
8320
9360
26752
19368
11264
12594
19188
20498
29696
15298
6144
27008
27392
28928
13998
23552
176
26736
24064
28096
11264
22856
6144
25344
30400
32488
18896
28672
11264
15224
21308
30720
25728
24064
14652
27392
27648
31872
28000
23552
10240
8192
26464
12736
14728
4352
2048
11264
21504
2048
25344
30400
29696
2048
11264
15656
19058
8448
2048
11264
32168
2048
4672
22726
32016
28096
25984
6144
26240
22176
27648
6144
10240
24512
27392
15602
6144
11264
16872
2048
11264
15596
23412
25088
18496
6144
1408
16872
2048
19348
30720
6144
1536
6144
17214
31912
28160
21050
32676
544
27392
29696
16496
17316
4672
17692
30720
2048
25344
21008
29312
22954
28000
27968
18726
30720
22508
26464
4096
21520
5120
28928
24320
27392
9728
1184
32552
15124
10112
18858
2048
4800
20480
10112
19324
30464
23354
21520
32552
9664
2048
16946
208
12672
6144
26848
9216
30400
1056
23552
26240
25088
2048
27392
22990
5120
28928
17690
32400
22296
4864
31776
15464
6144
5120
25344
30400
10240
30464
17356
30720
21728
29184
23552
30464
20222
10752
28160
11264
12736
26208
8768
592
2048
25344
9328
30720
10240
30464
32400
14592
2048
25280
14400
13946
30720
16742
6144
25344
30400
27136
1280
14824
2048
4416
28160
30208
32048
6144
12896
14454
18382
23436
13642
13248
5120
30208
9696
29696
15344
20680
31968
12928
1272
2048
11264
15512
2048
24160
15152
19054
29696
15820
6144
23040
19984
6144
30464
26512
2048
9520
32508
28160
11264
32720
30720
6144
26512
2048
21584
13056
24976
8448
26688
27392
27648
6144
8832
26184
2048
28928
26552
30720
2048
28928
17340
10784
31776
9696
8832
17728
2048
9728
20256
30720
28160
31776
22856
10240
8832
31840
28160
1536
14840
11264
20480
6144
32256
13826
22472
23552
19544
22772
2048
32604
26520
31888
8320
25936
26096
6144
29312
14174
18354
4864
928
6144
31816
30720
12640
20624
25936
22836
19136
30720
23552
14932
19520
5120
16864
30720
27008
22318
22674
864
17736
14672
24768
21390
30720
30320
24608
26240
456
2048
9728
15104
30720
15448
2048
17408
26096
25696
15440
5120
17408
18736
22240
25088
15124
2048
1408
18636
30720
25088
14616
13928
14704
25344
9136
6144
30464
22964
5120
23488
18466
14958
29584
21728
24672
15408
30400
15564
6144
23552
26240
28032
4416
22752
30720
16340
9440
2048
13776
5120
16720
21270
11136
25280
25024
18866
30720
5120
25344
23552
10240
29312
30336
2048
21462
15928
19786
27904
28160
12672
4864
20174
2048
25344
22400
10752
26392
11264
19920
30720
17404
496
11136
26240
21176
19670
26640
9408
512
29696
12608
5120
12928
11136
23552
21436
28672
9728
18832
27648
6144
13312
30720
29696
32288
32256
15018
17030
30720
27392
30208
624
18888
9856
29696
32288
21936
26880
16976
6144
20520
10880
25504
20536
6144
13312
30464
14318
29696
16064
4864
14470
28672
14672
24768
6144
30464
18244
14766
19690
4352
29696
32092
30720
15616
28672
9728
4832
30720
28672
26688
18208
17202
5120
28032
32192
6144
22440
9408
2048
11264
20848
152
32088
30720
16322
2048
27136
13184
14970
21134
29696
992
30720
32704
2048
28928
14634
30720
28032
29696
19420
2048
9728
14300
25248
21334
9632
28160
29504
32720
30720
29696
20676
6144
18924
2048
21616
5120
28928
31936
4480
4096
27008
27392
32000
32108
15334
32520
5120
28928
21452
20852
2048
24960
1536
4832
30720
29696
16976
2048
20016
11264
22480
15648
2048
27136
13184
30720
28160
15838
2048
16110
8256
15358
30400
1056
25728
20488
27392
25344
432
6144
24800
18280
28160
11264
18652
9264
6144
16088
31896
2048
20984
30720
12640
26848
13516
20516
2048
10880
20298
30720
20116
480
18648
29696
992
2048
25280
1536
25088
6144
26752
19506
25624
29312
26848
18096
14448
5120
23080
528
4864
992
26880
14956
11136
29312
10048
4160
22052
26216
22052
31872
25280
10016
24800
1408
8992
14728
30720
23552
9984
25088
26016
6144
14004
8320
13706
6144
29696
19854
27904
280
5120
25344
29312
18952
30208
16192
2048
14228
30720
18342
23308
15448
2048
11072
2048
12288
32172
6144
16088
15882
6144
24800
19064
22102
6144
18670
20532
5120
16180
30720
23552
5120
20182
26880
32384
2048
27648
6144
22956
12288
32172
21162
6144
19700
30720
22072
20200
27904
9632
6144
29696
72
21788
2048
22916
31896
29616
29696
16180
23552
11040
25728
24672
15492
17390
13686
19464
2048
22416
30720
13056
15374
18306
6144
20386
18430
6144
28160
29696
26000
10240
22084
30336
2048
17408
2048
11264
31832
30720
18258
6144
19452
10112
16372
28160
12288
24768
6144
11264
16868
10112
11264
20400
30464
20052
20536
30720
26784
25536
6144
9984
28160
27008
19654
30720
16282
23552
25024
29264
17024
184
16892
720
31904
31832
29264
14154
10112
24832
21102
2048
26192
28672
29696
31808
30720
4864
28032
28672
12288
22796
28160
10880
17372
10112
20920
29440
10880
9664
2048
22064
30720
31940
112
32440
1408
23144
5120
10880
18788
8448
1408
19800
30720
30464
16380
28160
29536
17166
8448
27008
24064
2048
22030
30720
6144
27968
25024
32068
16478
1408
20652
26160
2048
15776
21936
6144
26752
2048
11264
768
2048
1536
15500
10880
14434
2048
21790
8448
29616
24416
10016
29696
30400
4864
19122
19226
31776
6144
25024
15032
16302
2048
20336
6144
29696
17984
24736
14014
11264
18812
27392
976
29696
26488
2048
28928
16738
18624
720
31904
18964
2048
11264
23148
28672
6144
1408
26384
10112
14078
17262
10240
13878
28160
1536
14594
2048
10880
9424
30720
23552
192
19832
9296
21792
27008
23552
26240
4864
28032
18620
20088
21848
32408
18468
22272
6144
1408
24128
13694
16776
2048
15792
9440
27392
11264
23088
32244
8448
15342
28672
14444
22718
30720
32676
19046
28160
18292
30720
17244
20866
28160
16328
4864
22570
14948
2048
12288
20548
10112
28160
14672
6144
8320
12288
13828
17286
8320
12288
22208
19866
22284
27904
27008
5120
12672
10240
29312
15696
6144
1536
6144
26672
31896
16164
1536
23096
8448
24768
2048
18698
30720
6144
32352
23552
544
15948
5120
21480
28160
19442
8320
19030
19466
19566
25728
6144
32256
11264
17228
26240
800
22240
25088
10048
13762
30720
32256
25088
18968
22240
9984
25088
2048
27648
14872
30720
21328
21098
2048
20580
12288
32172
18904
28672
29696
26152
2048
1536
6144
12288
16596
14342
2048
15128
4160
15044
1536
22774
14354
12288
21648
17480
1536
16728
17714
19120
14518
30720
16952
2048
25904
6144
16148
5120
10880
9248
15856
11264
32104
30720
11264
16330
22728
30720
24352
29600
24768
23552
32408
4416
29696
6144
15162
2048
11264
15702
30720
2048
11264
18762
28160
29680
31992
11264
18184
2048
27648
6144
10240
20168
26640
26848
11008
31976
17372
2048
15076
6144
32400
10880
18772
2048
20920
17508
28672
25280
9728
22924
2048
1120
6144
29696
32108
17790
26880
17812
30720
29696
29664
26880
992
30720
26880
16462
13440
6144
1536
16164
28672
22416
22924
6144
25088
10048
6144
16930
24112
5120
23456
1408
22028
10112
10880
14276
6144
5120
4416
1408
15510
15600
17952
16000
24800
28160
29696
32448
14332
28160
12288
17210
14484
28160
1536
22490
14326
28160
12288
15834
31776
17846
22354
28160
12288
13788
14602
28160
12288
21664
14030
28160
1536
14050
1024
26408
20500
2048
28032
20596
19696
30720
27392
12672
15182
2048
17408
19792
2048
11264
18652
20988
8448
5120
26080
14312
4768
32288
30464
18208
19300
28672
9472
21844
30720
19160
26096
2048
4224
16688
30720
6144
29280
336
28160
22240
17808
30720
32352
30464
30288
6144
27392
17408
13312
2048
28928
8992
14854
30720
9520
18754
5120
1536
31896
2048
13962
9856
18664
25280
1536
2048
27136
13184
6144
9344
21036
27904
18162
29696
19340
6144
20512
9856
32660
30720
1536
6144
9856
20458
26880
13528
30720
19252
28672
152
2048
6144
23552
25504
10240
14046
29696
32092
30720
30288
6144
28672
28032
22240
31776
9856
21936
2048
26672
17258
22310
28160
10016
1408
25536
16176
6144
17600
29696
23138
6144
23226
4480
6144
10880
4224
26152
1152
25656
28160
40
11136
21722
23028
30720
14830
26576
27392
29440
24896
20938
304
1152
22668
11264
15056
14780
20714
17854
22782
30720
13788
19260
10880
17820
23176
28672
24352
12288
26192
6144
4480
17408
17984
10240
20834
18372
20452
13844
12288
21292
2048
9728
17864
30720
17796
14598
18180
10112
15422
5120
9728
18868
18988
28160
29696
17908
26480
28160
27648
23334
13056
17096
28160
29696
26464
8448
28160
29696
15484
19260
15726
10880
15708
30720
15260
21620
16512
10880
20210
30720
23552
17368
17716
25568
1408
13546
15608
23212
21856
30720
14182
12544
10880
24736
18270
17096
30720
22436
16244
10880
16412
18620
20708
31948
10880
18900
18558
23176
30720
29184
19868
14480
21504
30720
21454
2048
19028
17490
30720
9312
2048
18310
21344
29264
25656
16814
28096
23300
14904
28096
20364
28096
15368
28160
12288
17250
4864
17280
30720
17984
4608
30464
21288
32236
2048
25656
20314
27008
23204
18172
19592
12288
21292
2048
14044
11264
16748
2048
18842
11264
32468
2048
14424
12288
19052
2048
23018
12288
13666
2048
17334
11264
22534
2048
14110
14952
22936
2048
13846
29696
26488
2048
16830
11264
14190
30720
22176
2048
18150
11264
20674
2048
14308
11264
696
2048
17012
1024
26408
24352
9056
13540
6144
15848
4416
22046
5120
10880
13980
18286
16512
18526
28160
24608
18334
16512
21044
28160
21036
27904
32388
12672
32552
28672
14982
2048
32448
30720
28672
22616
22396
6144
14874
27648
25088
6144
24064
32200
5120
11264
32436
24896
26048
16364
1408
15954
2048
13816
30720
22366
19166
22444
6144
26160
2048
18944
17984
18184
30720
31832
16792
6144
17866
29696
29664
6144
10240
16280
28160
1536
16386
6144
26240
14150
30720
21074
19778
8448
28096
25056
18540
1168
11264
14228
15156
19536
31896
32440
26432
5120
6144
29696
17774
21552
25656
22684
13614
18262
21690
28672
24352
9056
26192
6144
19434
28160
27008
12288
17740
30720
13806
15256
2048
11264
16804
30720
2048
11264
14032
6144
11264
20860
9600
29264
19214
28160
14006
8448
28160
