10101010  0.004201680672268907
10101011  0.004201680672268907
10000111  0.0035014005602240898
10001001  0.0035014005602240898
10001000  0.0035014005602240898
01011001  0.0028011204481792717
01011000  0.0028011204481792717
110001001  0.0028011204481792717
111110001  0.0028011204481792717
111110000  0.0028011204481792717
00110011  0.0028011204481792717
101101110  0.0028011204481792717
101101111  0.0028011204481792717
110001000  0.0028011204481792717
01111011  0.0028011204481792717
101101100  0.0028011204481792717
101101101  0.0028011204481792717
01001101  0.0028011204481792717
00110000  0.0028011204481792717
01001100  0.0028011204481792717
100111000  0.0021008403361344537
100111001  0.0021008403361344537
101010011  0.0021008403361344537
101010010  0.0021008403361344537
101001010  0.0021008403361344537
101001011  0.0021008403361344537
101001001  0.0021008403361344537
101001000  0.0021008403361344537
100111010  0.0021008403361344537
100111011  0.0021008403361344537
100101001  0.0021008403361344537
100101000  0.0021008403361344537
100101010  0.0021008403361344537
100101011  0.0021008403361344537
100011100  0.0021008403361344537
100011101  0.0021008403361344537
100011111  0.0021008403361344537
100011110  0.0021008403361344537
101000101  0.0021008403361344537
101000100  0.0021008403361344537
100110001  0.0021008403361344537
100110000  0.0021008403361344537
101000111  0.0021008403361344537
101000110  0.0021008403361344537
100110010  0.0021008403361344537
100110011  0.0021008403361344537
100101100  0.0021008403361344537
100101101  0.0021008403361344537
100100000  0.0021008403361344537
100100001  0.0021008403361344537
100100011  0.0021008403361344537
100100010  0.0021008403361344537
101010001  0.0021008403361344537
101010000  0.0021008403361344537
100011001  0.0021008403361344537
100011000  0.0021008403361344537
100011011  0.0021008403361344537
100011010  0.0021008403361344537
101011010  0.0021008403361344537
101011011  0.0021008403361344537
101011001  0.0021008403361344537
101011000  0.0021008403361344537
100111110  0.0021008403361344537
100111111  0.0021008403361344537
100111101  0.0021008403361344537
100111100  0.0021008403361344537
101001110  0.0021008403361344537
101001111  0.0021008403361344537
101001100  0.0021008403361344537
101001101  0.0021008403361344537
100010100  0.0021008403361344537
100010101  0.0021008403361344537
100010111  0.0021008403361344537
100010110  0.0021008403361344537
100101110  0.0021008403361344537
100101111  0.0021008403361344537
100001101  0.0021008403361344537
100110100  0.0021008403361344537
100110101  0.0021008403361344537
101000011  0.0021008403361344537
101000010  0.0021008403361344537
100110110  0.0021008403361344537
100110111  0.0021008403361344537
101000001  0.0021008403361344537
101000000  0.0021008403361344537
100100111  0.0021008403361344537
100100110  0.0021008403361344537
100100101  0.0021008403361344537
100100100  0.0021008403361344537
1101111101  0.0014005602240896359
1101111100  0.0014005602240896359
001010111  0.0014005602240896359
001010110  0.0014005602240896359
000011011  0.0014005602240896359
1010111111  0.0014005602240896359
1010111110  0.0014005602240896359
1110100010  0.0014005602240896359
000011010  0.0014005602240896359
1110100011  0.0014005602240896359
1110110111  0.0014005602240896359
000011000  0.0014005602240896359
000011001  0.0014005602240896359
1110100000  0.0014005602240896359
1110100001  0.0014005602240896359
000010111  0.0014005602240896359
000010110  0.0014005602240896359
010111011  0.0014005602240896359
010111010  0.0014005602240896359
001101011  0.0014005602240896359
001101010  0.0014005602240896359
001010100  0.0014005602240896359
1101111111  0.0014005602240896359
1101111110  0.0014005602240896359
001010101  0.0014005602240896359
010111001  0.0014005602240896359
1010111100  0.0014005602240896359
010111000  0.0014005602240896359
1010111101  0.0014005602240896359
1110111000  0.0014005602240896359
1110111001  0.0014005602240896359
1011000010  0.0014005602240896359
1011000011  0.0014005602240896359
011011100  0.0014005602240896359
011011101  0.0014005602240896359
1100111011  0.0014005602240896359
1100111010  0.0014005602240896359
1100111001  0.0014005602240896359
1110111011  0.0014005602240896359
1110111010  0.0014005602240896359
1011000001  0.0014005602240896359
001101000  0.0014005602240896359
1100111000  0.0014005602240896359
001101001  0.0014005602240896359
1101101001  0.0014005602240896359
011111000  0.0014005602240896359
1110001001  0.0014005602240896359
1110001000  0.0014005602240896359
000010101  0.0014005602240896359
000010100  0.0014005602240896359
1101101010  0.0014005602240896359
1101101011  0.0014005602240896359
011111001  0.0014005602240896359
011111010  0.0014005602240896359
011111011  0.0014005602240896359
1011000000  0.0014005602240896359
1110001010  0.0014005602240896359
1110001011  0.0014005602240896359
1101101000  0.0014005602240896359
000111010  0.0014005602240896359
000111011  0.0014005602240896359
1011111001  0.0014005602240896359
1011111000  0.0014005602240896359
1110010101  0.0014005602240896359
1110010100  0.0014005602240896359
1110010110  0.0014005602240896359
1110010111  0.0014005602240896359
1111101001  0.0014005602240896359
1111101000  0.0014005602240896359
1100001110  0.0014005602240896359
1100100101  0.0014005602240896359
1100100100  0.0014005602240896359
1100100110  0.0014005602240896359
1111101011  0.0014005602240896359
1111101010  0.0014005602240896359
1100001100  0.0014005602240896359
1100001101  0.0014005602240896359
1011111011  0.0014005602240896359
1100100111  0.0014005602240896359
1011111010  0.0014005602240896359
000111000  0.0014005602240896359
1100000100  0.0014005602240896359
1100000101  0.0014005602240896359
001000001  0.0014005602240896359
000111001  0.0014005602240896359
001000000  0.0014005602240896359
1100001111  0.0014005602240896359
1011101101  0.0014005602240896359
1011101100  0.0014005602240896359
1011110111  0.0014005602240896359
010101010  0.0014005602240896359
010101011  0.0014005602240896359
1100011111  0.0014005602240896359
1100011110  0.0014005602240896359
001011011  0.0014005602240896359
001011010  0.0014005602240896359
001000011  0.0014005602240896359
001000010  0.0014005602240896359
1101110011  0.0014005602240896359
1101110010  0.0014005602240896359
1111011011  0.0014005602240896359
010101000  0.0014005602240896359
010101001  0.0014005602240896359
1100011101  0.0014005602240896359
1100011100  0.0014005602240896359
000000111  0.0014005602240896359
000000110  0.0014005602240896359
001011000  0.0014005602240896359
001011001  0.0014005602240896359
1101110000  0.0014005602240896359
1101110001  0.0014005602240896359
010100010  0.0014005602240896359
010100011  0.0014005602240896359
1111011001  0.0014005602240896359
1111011000  0.0014005602240896359
1110110110  0.0014005602240896359
1111000100  0.0014005602240896359
1111000101  0.0014005602240896359
1110110101  0.0014005602240896359
1110110100  0.0014005602240896359
010100000  0.0014005602240896359
010100001  0.0014005602240896359
1111011010  0.0014005602240896359
1011110101  0.0014005602240896359
1011110100  0.0014005602240896359
1111000110  0.0014005602240896359
1111000111  0.0014005602240896359
1011110110  0.0014005602240896359
000100010  0.0014005602240896359
000100011  0.0014005602240896359
100000111  0.0014005602240896359
100000110  0.0014005602240896359
1011100010  0.0014005602240896359
1101011000  0.0014005602240896359
1011100011  0.0014005602240896359
1101011001  0.0014005602240896359
010000110  0.0014005602240896359
1011010010  0.0014005602240896359
1011010001  0.0014005602240896359
010000111  0.0014005602240896359
1011010000  0.0014005602240896359
1011101010  0.0014005602240896359
1011101011  0.0014005602240896359
011110010  0.0014005602240896359
000100000  0.0014005602240896359
1011100000  0.0014005602240896359
1011100001  0.0014005602240896359
1101011010  0.0014005602240896359
1101011011  0.0014005602240896359
010000100  0.0014005602240896359
1011010011  0.0014005602240896359
010000101  0.0014005602240896359
011100010  0.0014005602240896359
011100011  0.0014005602240896359
1111110111  0.0014005602240896359
1111110110  0.0014005602240896359
000100001  0.0014005602240896359
011110011  0.0014005602240896359
000001100  0.0014005602240896359
000001101  0.0014005602240896359
011010000  0.0014005602240896359
011010001  0.0014005602240896359
1111110100  0.0014005602240896359
1111110101  0.0014005602240896359
001111000  0.0014005602240896359
001111001  0.0014005602240896359
000001110  0.0014005602240896359
000001111  0.0014005602240896359
011010010  0.0014005602240896359
011010011  0.0014005602240896359
1011101001  0.0014005602240896359
1011101000  0.0014005602240896359
100001011  0.0014005602240896359
1111111010  0.0014005602240896359
1111111011  0.0014005602240896359
1011001001  0.0014005602240896359
1011001000  0.0014005602240896359
1111111001  0.0014005602240896359
100001010  0.0014005602240896359
100001001  0.0014005602240896359
100001000  0.0014005602240896359
1011001011  0.0014005602240896359
1011001010  0.0014005602240896359
1100000010  0.0014005602240896359
1100000001  0.0014005602240896359
1100000000  0.0014005602240896359
1100000111  0.0014005602240896359
1100000110  0.0014005602240896359
001110110  0.0014005602240896359
001110111  0.0014005602240896359
011110001  0.0014005602240896359
011110000  0.0014005602240896359
1100000011  0.0014005602240896359
001110100  0.0014005602240896359
001110101  0.0014005602240896359
1111111000  0.0014005602240896359
1110000111  0.0014005602240896359
1100101100  0.0014005602240896359
011011010  0.0014005602240896359
000101010  0.0014005602240896359
1111001001  0.0014005602240896359
000101011  0.0014005602240896359
1111001011  0.0014005602240896359
1111001010  0.0014005602240896359
011011011  0.0014005602240896359
1110000100  0.0014005602240896359
1110000101  0.0014005602240896359
1100101110  0.0014005602240896359
1101000110  0.0014005602240896359
1100101111  0.0014005602240896359
1101000111  0.0014005602240896359
1111001000  0.0014005602240896359
1100101101  0.0014005602240896359
1110000110  0.0014005602240896359
001001110  0.0014005602240896359
1101000100  0.0014005602240896359
001001111  0.0014005602240896359
1101000101  0.0014005602240896359
010001011  0.0014005602240896359
010001010  0.0014005602240896359
1101100111  0.0014005602240896359
1101100110  0.0014005602240896359
010010110  0.0014005602240896359
010010111  0.0014005602240896359
001001101  0.0014005602240896359
11011110001  7.002801120448179E-4
11011110000  7.002801120448179E-4
0110010010  7.002801120448179E-4
0110010011  7.002801120448179E-4
11011110011  7.002801120448179E-4
0101011000  7.002801120448179E-4
0101011001  7.002801120448179E-4
11011110010  7.002801120448179E-4
0101011010  7.002801120448179E-4
0101011011  7.002801120448179E-4
0011111111  7.002801120448179E-4
0101001100  7.002801120448179E-4
0101001101  7.002801120448179E-4
10111001000  7.002801120448179E-4
10111001001  7.002801120448179E-4
0101001110  7.002801120448179E-4
0101001111  7.002801120448179E-4
0011111100  7.002801120448179E-4
0011111101  7.002801120448179E-4
10111001010  7.002801120448179E-4
10111001011  7.002801120448179E-4
0011111110  7.002801120448179E-4
0100100011  7.002801120448179E-4
0001100111  7.002801120448179E-4
0001100110  7.002801120448179E-4
0110000011  7.002801120448179E-4
0100000101  7.002801120448179E-4
0100000100  7.002801120448179E-4
0101101100  7.002801120448179E-4
11001000100  7.002801120448179E-4
11000101001  7.002801120448179E-4
11001000101  7.002801120448179E-4
11000101000  7.002801120448179E-4
11101011100  7.002801120448179E-4
0101101101  7.002801120448179E-4
0001100101  7.002801120448179E-4
11101011101  7.002801120448179E-4
0001100100  7.002801120448179E-4
0100100010  7.002801120448179E-4
0100000111  7.002801120448179E-4
0100000110  7.002801120448179E-4
11000101010  7.002801120448179E-4
11001000110  7.002801120448179E-4
0101101111  7.002801120448179E-4
11001000111  7.002801120448179E-4
0101101110  7.002801120448179E-4
11000101011  7.002801120448179E-4
0110010001  7.002801120448179E-4
0110010000  7.002801120448179E-4
0100100001  7.002801120448179E-4
0100100000  7.002801120448179E-4
11010000111  7.002801120448179E-4
11010000110  7.002801120448179E-4
11100111100  7.002801120448179E-4
11101001100  7.002801120448179E-4
11100111101  7.002801120448179E-4
11101001101  7.002801120448179E-4
0110110011  7.002801120448179E-4
0000100000  7.002801120448179E-4
0000100001  7.002801120448179E-4
0110110010  7.002801120448179E-4
11100100110  7.002801120448179E-4
11100100111  7.002801120448179E-4
0010100001  7.002801120448179E-4
1000001001  7.002801120448179E-4
0110110001  7.002801120448179E-4
0010100000  7.002801120448179E-4
1000001000  7.002801120448179E-4
0110110000  7.002801120448179E-4
11100111110  7.002801120448179E-4
11100111111  7.002801120448179E-4
0000100010  7.002801120448179E-4
0000100011  7.002801120448179E-4
0001111100  7.002801120448179E-4
0001111101  7.002801120448179E-4
11000110110  7.002801120448179E-4
11000110111  7.002801120448179E-4
0001111111  7.002801120448179E-4
0001111110  7.002801120448179E-4
11110000000  7.002801120448179E-4
11110000001  7.002801120448179E-4
11010000100  7.002801120448179E-4
11010000101  7.002801120448179E-4
11111111101  7.002801120448179E-4
11111111100  7.002801120448179E-4
11010011011  7.002801120448179E-4
11010011010  7.002801120448179E-4
11010111100  7.002801120448179E-4
11111111111  7.002801120448179E-4
10111011110  7.002801120448179E-4
11010111101  7.002801120448179E-4
11111111110  7.002801120448179E-4
10111011111  7.002801120448179E-4
0111001110  7.002801120448179E-4
0111001111  7.002801120448179E-4
11110111101  7.002801120448179E-4
11110111100  7.002801120448179E-4
0011000101  7.002801120448179E-4
10110001010  7.002801120448179E-4
0011000100  7.002801120448179E-4
11010011000  7.002801120448179E-4
11010011001  7.002801120448179E-4
0111001100  7.002801120448179E-4
0111001101  7.002801120448179E-4
0001001011  7.002801120448179E-4
10110001011  7.002801120448179E-4
0001001010  7.002801120448179E-4
0001001001  7.002801120448179E-4
0001001000  7.002801120448179E-4
0010100010  7.002801120448179E-4
1000001010  7.002801120448179E-4
0010100011  7.002801120448179E-4
1000001011  7.002801120448179E-4
11100100101  7.002801120448179E-4
11100100100  7.002801120448179E-4
10110001000  7.002801120448179E-4
10110001001  7.002801120448179E-4
11110111110  7.002801120448179E-4
11010111110  7.002801120448179E-4
11010111111  7.002801120448179E-4
10111011101  7.002801120448179E-4
11101001111  7.002801120448179E-4
11101001110  7.002801120448179E-4
10111011100  7.002801120448179E-4
11110111111  7.002801120448179E-4
0111011100  7.002801120448179E-4
0111011101  7.002801120448179E-4
0010010010  7.002801120448179E-4
0010111111  7.002801120448179E-4
0010111110  7.002801120448179E-4
0010111101  7.002801120448179E-4
0010010001  7.002801120448179E-4
0010010000  7.002801120448179E-4
0001111011  7.002801120448179E-4
0001111010  7.002801120448179E-4
0111011111  7.002801120448179E-4
10111100100  7.002801120448179E-4
10111100101  7.002801120448179E-4
0111011110  7.002801120448179E-4
0010111100  7.002801120448179E-4
0001111000  7.002801120448179E-4
0001111001  7.002801120448179E-4
0001011110  7.002801120448179E-4
11010010010  7.002801120448179E-4
0001011111  7.002801120448179E-4
11101100001  7.002801120448179E-4
11101100000  7.002801120448179E-4
11101111011  7.002801120448179E-4
11101111010  7.002801120448179E-4
11010010011  7.002801120448179E-4
0100011000  7.002801120448179E-4
11101111001  7.002801120448179E-4
11101111000  7.002801120448179E-4
0100011001  7.002801120448179E-4
0011000111  7.002801120448179E-4
0011000110  7.002801120448179E-4
11111011101  7.002801120448179E-4
11111011100  7.002801120448179E-4
1000000101  7.002801120448179E-4
1000000100  7.002801120448179E-4
0000010100  7.002801120448179E-4
0000010101  7.002801120448179E-4
11001111010  7.002801120448179E-4
11010100111  7.002801120448179E-4
11010100110  7.002801120448179E-4
11000110100  7.002801120448179E-4
10101110110  7.002801120448179E-4
11000110101  7.002801120448179E-4
10101110111  7.002801120448179E-4
0011011100  7.002801120448179E-4
11001111011  7.002801120448179E-4
0011011101  7.002801120448179E-4
0110011110  7.002801120448179E-4
1000000110  7.002801120448179E-4
0110011111  7.002801120448179E-4
11111011111  7.002801120448179E-4
11111011110  7.002801120448179E-4
0000010111  7.002801120448179E-4
0000010110  7.002801120448179E-4
11010100100  7.002801120448179E-4
11110000010  7.002801120448179E-4
11110000011  7.002801120448179E-4
10101110100  7.002801120448179E-4
11010010000  7.002801120448179E-4
10101110101  7.002801120448179E-4
11010010001  7.002801120448179E-4
11010100101  7.002801120448179E-4
0110011100  7.002801120448179E-4
0011011110  7.002801120448179E-4
11001111001  7.002801120448179E-4
0110011101  7.002801120448179E-4
0011011111  7.002801120448179E-4
11001111000  7.002801120448179E-4
0101111001  7.002801120448179E-4
0101111000  7.002801120448179E-4
0011100111  7.002801120448179E-4
10111100111  7.002801120448179E-4
10111100110  7.002801120448179E-4
11110100011  7.002801120448179E-4
0100010001  7.002801120448179E-4
11110100010  7.002801120448179E-4
0100010000  7.002801120448179E-4
0101111010  7.002801120448179E-4
0101111011  7.002801120448179E-4
0011100100  7.002801120448179E-4
0011100101  7.002801120448179E-4
11110100001  7.002801120448179E-4
0100010010  7.002801120448179E-4
11110100000  7.002801120448179E-4
0100010011  7.002801120448179E-4
0010010011  7.002801120448179E-4
0011100110  7.002801120448179E-4
11011101111  7.002801120448179E-4
11011101110  7.002801120448179E-4
0001010010  7.002801120448179E-4
0001010011  7.002801120448179E-4
11011101100  7.002801120448179E-4
10111111101  7.002801120448179E-4
0111111001  7.002801120448179E-4
0000000010  7.002801120448179E-4
10111111100  7.002801120448179E-4
0111111000  7.002801120448179E-4
0110000010  7.002801120448179E-4
0110000001  7.002801120448179E-4
0110000000  7.002801120448179E-4
0000000001  7.002801120448179E-4
0000000000  7.002801120448179E-4
0111111010  7.002801120448179E-4
11101010100  7.002801120448179E-4
11101010101  7.002801120448179E-4
0111000010  7.002801120448179E-4
0111000011  7.002801120448179E-4
11011000001  7.002801120448179E-4
11011101101  7.002801120448179E-4
11011000000  7.002801120448179E-4
11001101100  7.002801120448179E-4
11001101101  7.002801120448179E-4
11101011000  7.002801120448179E-4
0001010001  7.002801120448179E-4
11101011001  7.002801120448179E-4
0001010000  7.002801120448179E-4
11001101110  7.002801120448179E-4
11001100100  7.002801120448179E-4
11001100101  7.002801120448179E-4
10111111110  7.002801120448179E-4
11110101111  7.002801120448179E-4
11110101110  7.002801120448179E-4
10111111111  7.002801120448179E-4
0001101001  7.002801120448179E-4
0001101010  7.002801120448179E-4
0000000011  7.002801120448179E-4
11101010110  7.002801120448179E-4
0001101011  7.002801120448179E-4
11101010111  7.002801120448179E-4
11001101111  7.002801120448179E-4
0110001101  7.002801120448179E-4
0110001100  7.002801120448179E-4
11001100110  7.002801120448179E-4
11001100111  7.002801120448179E-4
11101011010  7.002801120448179E-4
11000010111  7.002801120448179E-4
11101011011  7.002801120448179E-4
11000010110  7.002801120448179E-4
11110101100  7.002801120448179E-4
11100000110  7.002801120448179E-4
11100000111  7.002801120448179E-4
11110101101  7.002801120448179E-4
0001101000  7.002801120448179E-4
0110001110  7.002801120448179E-4
0110001111  7.002801120448179E-4
11011000010  7.002801120448179E-4
11000010101  7.002801120448179E-4
11000010100  7.002801120448179E-4
0111111011  7.002801120448179E-4
11100000101  7.002801120448179E-4
11100000100  7.002801120448179E-4
1000000111  7.002801120448179E-4
0000111000  7.002801120448179E-4
0111000001  7.002801120448179E-4
11011000011  7.002801120448179E-4
0111000000  7.002801120448179E-4
11100110000  7.002801120448179E-4
11100110001  7.002801120448179E-4
0000111001  7.002801120448179E-4
0100111011  7.002801120448179E-4
0100011010  7.002801120448179E-4
11110011001  7.002801120448179E-4
0100011011  7.002801120448179E-4
11110011000  7.002801120448179E-4
11100011100  7.002801120448179E-4
0000111011  7.002801120448179E-4
11100011101  7.002801120448179E-4
0000111010  7.002801120448179E-4
0101001000  7.002801120448179E-4
0111010010  7.002801120448179E-4
0101001001  7.002801120448179E-4
0111010011  7.002801120448179E-4
0100111001  7.002801120448179E-4
0100111000  7.002801120448179E-4
11110011011  7.002801120448179E-4
11110011010  7.002801120448179E-4
11101100010  7.002801120448179E-4
11101100011  7.002801120448179E-4
0100111010  7.002801120448179E-4
0001011100  7.002801120448179E-4
0001011101  7.002801120448179E-4
11111100000  7.002801120448179E-4
11010011101  7.002801120448179E-4
11111100001  7.002801120448179E-4
11010011100  7.002801120448179E-4
11011011111  7.002801120448179E-4
11011011110  7.002801120448179E-4
11001010010  7.002801120448179E-4
0101011100  7.002801120448179E-4
11001010011  7.002801120448179E-4
0110101001  7.002801120448179E-4
0110101000  7.002801120448179E-4
0101011101  7.002801120448179E-4
11111001110  7.002801120448179E-4
11111001111  7.002801120448179E-4
11111100011  7.002801120448179E-4
11010011111  7.002801120448179E-4
11100110011  7.002801120448179E-4
11100110010  7.002801120448179E-4
11011011100  7.002801120448179E-4
11011011101  7.002801120448179E-4
11001010001  7.002801120448179E-4
11001010000  7.002801120448179E-4
0110101010  7.002801120448179E-4
0110101011  7.002801120448179E-4
11100011111  7.002801120448179E-4
11100011110  7.002801120448179E-4
11111001101  7.002801120448179E-4
11111001100  7.002801120448179E-4
0111010000  7.002801120448179E-4
0111010001  7.002801120448179E-4
11111100010  7.002801120448179E-4
0101001010  7.002801120448179E-4
11010011110  7.002801120448179E-4
0101001011  7.002801120448179E-4
0100100111  7.002801120448179E-4
0100100110  7.002801120448179E-4
0111101000  7.002801120448179E-4
0001001110  7.002801120448179E-4
0011111001  7.002801120448179E-4
0001001111  7.002801120448179E-4
0011111010  7.002801120448179E-4
0011111011  7.002801120448179E-4
11000010001  7.002801120448179E-4
11000010000  7.002801120448179E-4
10111001111  7.002801120448179E-4
10111001110  7.002801120448179E-4
1000011000  7.002801120448179E-4
0111101011  7.002801120448179E-4
0111101010  7.002801120448179E-4
11000010011  7.002801120448179E-4
11000010010  7.002801120448179E-4
0111101001  7.002801120448179E-4
0011111000  7.002801120448179E-4
0101101001  7.002801120448179E-4
0101101000  7.002801120448179E-4
10110101001  7.002801120448179E-4
10110101000  7.002801120448179E-4
11011011000  7.002801120448179E-4
11011011001  7.002801120448179E-4
0101101010  7.002801120448179E-4
0101101011  7.002801120448179E-4
11011011010  7.002801120448179E-4
10110101011  7.002801120448179E-4
10110101010  7.002801120448179E-4
10111001101  7.002801120448179E-4
10111001100  7.002801120448179E-4
11011011011  7.002801120448179E-4
10110011000  7.002801120448179E-4
10110011001  7.002801120448179E-4
11010000010  7.002801120448179E-4
11010000011  7.002801120448179E-4
11100100011  7.002801120448179E-4
0011110100  7.002801120448179E-4
0011110101  7.002801120448179E-4
0010011001  7.002801120448179E-4
0110010110  7.002801120448179E-4
0110010111  7.002801120448179E-4
11100100010  7.002801120448179E-4
0011110111  7.002801120448179E-4
0011110110  7.002801120448179E-4
0101011110  7.002801120448179E-4
0101011111  7.002801120448179E-4
0100000011  7.002801120448179E-4
0001100010  7.002801120448179E-4
0100000010  7.002801120448179E-4
0001100001  7.002801120448179E-4
0001100000  7.002801120448179E-4
11001000001  7.002801120448179E-4
11001000000  7.002801120448179E-4
10110001100  7.002801120448179E-4
10110001101  7.002801120448179E-4
0001001100  7.002801120448179E-4
0001001101  7.002801120448179E-4
10110011011  7.002801120448179E-4
10110011010  7.002801120448179E-4
0100100101  7.002801120448179E-4
0100100100  7.002801120448179E-4
0010011000  7.002801120448179E-4
0100000001  7.002801120448179E-4
0100000000  7.002801120448179E-4
11100100001  7.002801120448179E-4
11100100000  7.002801120448179E-4
11001100010  7.002801120448179E-4
0110010101  7.002801120448179E-4
0110010100  7.002801120448179E-4
11001100011  7.002801120448179E-4
11001000010  7.002801120448179E-4
11001000011  7.002801120448179E-4
0010001100  7.002801120448179E-4
11110000110  7.002801120448179E-4
11110000111  7.002801120448179E-4
11110111001  7.002801120448179E-4
0011100010  7.002801120448179E-4
0011100011  7.002801120448179E-4
0011011011  7.002801120448179E-4
0010001111  7.002801120448179E-4
0010001110  7.002801120448179E-4
11101001000  7.002801120448179E-4
0011001010  7.002801120448179E-4
0011001011  7.002801120448179E-4
11101001001  7.002801120448179E-4
0011001001  7.002801120448179E-4
11010111000  7.002801120448179E-4
11010111001  7.002801120448179E-4
0010001101  7.002801120448179E-4
0111001011  7.002801120448179E-4
11011000100  7.002801120448179E-4
0011100001  7.002801120448179E-4
11110111000  7.002801120448179E-4
11011000101  7.002801120448179E-4
10110001110  7.002801120448179E-4
10110001111  7.002801120448179E-4
0011011001  7.002801120448179E-4
0000100110  7.002801120448179E-4
0111001010  7.002801120448179E-4
0011011000  7.002801120448179E-4
0111001001  7.002801120448179E-4
0010100100  7.002801120448179E-4
0000100100  7.002801120448179E-4
0111001000  7.002801120448179E-4
0011011010  7.002801120448179E-4
0000100101  7.002801120448179E-4
0010100101  7.002801120448179E-4
11000101100  7.002801120448179E-4
11000101101  7.002801120448179E-4
0010100111  7.002801120448179E-4
0010100110  7.002801120448179E-4
0011100000  7.002801120448179E-4
11110000100  7.002801120448179E-4
11010000001  7.002801120448179E-4
11110000101  7.002801120448179E-4
11101001011  7.002801120448179E-4
11101001010  7.002801120448179E-4
11000101110  7.002801120448179E-4
11000101111  7.002801120448179E-4
11010000000  7.002801120448179E-4
11111111010  7.002801120448179E-4
11010101101  7.002801120448179E-4
11010101100  7.002801120448179E-4
11100111001  7.002801120448179E-4
11111111011  7.002801120448179E-4
11100111000  7.002801120448179E-4
11100111010  7.002801120448179E-4
11000110000  7.002801120448179E-4
11000110001  7.002801120448179E-4
11100111011  7.002801120448179E-4
1000011001  7.002801120448179E-4
11000110010  7.002801120448179E-4
0100101010  7.002801120448179E-4
0100101011  7.002801120448179E-4
0100101001  7.002801120448179E-4
11000110011  7.002801120448179E-4
0000100111  7.002801120448179E-4
0011001000  7.002801120448179E-4
11010101111  7.002801120448179E-4
11010101110  7.002801120448179E-4
11110111011  7.002801120448179E-4
11110111010  7.002801120448179E-4
11111111001  7.002801120448179E-4
11111111000  7.002801120448179E-4
11010111011  7.002801120448179E-4
11010111010  7.002801120448179E-4
11001111111  7.002801120448179E-4
11001111110  7.002801120448179E-4
0110011011  7.002801120448179E-4
11010100010  7.002801120448179E-4
11010100011  7.002801120448179E-4
11110011110  7.002801120448179E-4
11110011111  7.002801120448179E-4
0010010101  7.002801120448179E-4
0010010100  7.002801120448179E-4
0010001000  7.002801120448179E-4
0100101000  7.002801120448179E-4
0010001001  7.002801120448179E-4
11010101010  7.002801120448179E-4
0100011111  7.002801120448179E-4
11010101011  7.002801120448179E-4
0100011110  7.002801120448179E-4
11101100110  7.002801120448179E-4
0110011000  7.002801120448179E-4
11001111101  7.002801120448179E-4
0110011001  7.002801120448179E-4
0111010111  7.002801120448179E-4
11001111100  7.002801120448179E-4
0111010110  7.002801120448179E-4
11101100111  7.002801120448179E-4
11010100000  7.002801120448179E-4
11010100001  7.002801120448179E-4
11110011100  7.002801120448179E-4
11110011101  7.002801120448179E-4
10111100000  7.002801120448179E-4
10111100001  7.002801120448179E-4
0110011010  7.002801120448179E-4
11101100101  7.002801120448179E-4
11101100100  7.002801120448179E-4
11110100111  7.002801120448179E-4
10111100011  7.002801120448179E-4
10111100010  7.002801120448179E-4
11110100110  7.002801120448179E-4
11100000010  7.002801120448179E-4
11100000011  7.002801120448179E-4
11011001011  7.002801120448179E-4
11011001010  7.002801120448179E-4
11011001001  7.002801120448179E-4
11100011011  7.002801120448179E-4
11100011010  7.002801120448179E-4
11110100101  7.002801120448179E-4
11110100100  7.002801120448179E-4
0010010111  7.002801120448179E-4
0010001011  7.002801120448179E-4
0010010110  7.002801120448179E-4
0010001010  7.002801120448179E-4
11100000000  7.002801120448179E-4
11100000001  7.002801120448179E-4
10110011101  7.002801120448179E-4
10110011100  7.002801120448179E-4
0100011101  7.002801120448179E-4
11011001000  7.002801120448179E-4
0100011100  7.002801120448179E-4
11100110100  7.002801120448179E-4
11100110101  7.002801120448179E-4
0110001000  7.002801120448179E-4
0000010000  7.002801120448179E-4
11011101001  7.002801120448179E-4
11011101000  7.002801120448179E-4
0000010001  7.002801120448179E-4
10110011110  7.002801120448179E-4
10110011111  7.002801120448179E-4
0000001000  7.002801120448179E-4
11001101010  7.002801120448179E-4
1000000000  7.002801120448179E-4
11001101011  7.002801120448179E-4
1000000001  7.002801120448179E-4
11001101001  7.002801120448179E-4
0000001001  7.002801120448179E-4
0110111110  7.002801120448179E-4
0110111100  7.002801120448179E-4
0110111101  7.002801120448179E-4
0000010011  7.002801120448179E-4
0000010010  7.002801120448179E-4
11010010100  7.002801120448179E-4
0000001010  7.002801120448179E-4
11010010101  7.002801120448179E-4
0000001011  7.002801120448179E-4
1000000010  7.002801120448179E-4
1000000011  7.002801120448179E-4
0001011001  7.002801120448179E-4
11001101000  7.002801120448179E-4
0001011000  7.002801120448179E-4
11011000110  7.002801120448179E-4
11011000111  7.002801120448179E-4
0111010100  7.002801120448179E-4
11101111110  7.002801120448179E-4
0111010101  7.002801120448179E-4
11101111111  7.002801120448179E-4
0110111111  7.002801120448179E-4
0001011011  7.002801120448179E-4
0001011010  7.002801120448179E-4
11010010110  7.002801120448179E-4
11010010111  7.002801120448179E-4
0110001011  7.002801120448179E-4
0110001010  7.002801120448179E-4
11101111101  7.002801120448179E-4
11101111100  7.002801120448179E-4
11110101000  7.002801120448179E-4
11110101001  7.002801120448179E-4
11011101011  7.002801120448179E-4
11011101010  7.002801120448179E-4
0110001001  7.002801120448179E-4
11010101001  7.002801120448179E-4
11010101000  7.002801120448179E-4
11101011110  7.002801120448179E-4
11101011111  7.002801120448179E-4
11110101011  7.002801120448179E-4
10101110001  7.002801120448179E-4
0001100011  7.002801120448179E-4
11110101010  7.002801120448179E-4
10110101110  7.002801120448179E-4
0100111110  7.002801120448179E-4
0000111101  7.002801120448179E-4
0100111111  7.002801120448179E-4
0000111100  7.002801120448179E-4
10101110000  7.002801120448179E-4
0000111110  7.002801120448179E-4
11111011001  7.002801120448179E-4
10110101111  7.002801120448179E-4
11111011000  7.002801120448179E-4
0110000100  7.002801120448179E-4
0110000101  7.002801120448179E-4
11001100000  7.002801120448179E-4
11001100001  7.002801120448179E-4
0100111101  7.002801120448179E-4
10101110011  7.002801120448179E-4
10101110010  7.002801120448179E-4
0100111100  7.002801120448179E-4
0000111111  7.002801120448179E-4
11111011010  7.002801120448179E-4
11111011011  7.002801120448179E-4
10110101101  7.002801120448179E-4
10110101100  7.002801120448179E-4
11111001010  7.002801120448179E-4
0110101100  7.002801120448179E-4
11111001011  7.002801120448179E-4
0000000101  7.002801120448179E-4
0000000100  7.002801120448179E-4
11111100101  7.002801120448179E-4
0101111110  7.002801120448179E-4
11111100100  7.002801120448179E-4
0101111111  7.002801120448179E-4
0111111111  7.002801120448179E-4
0111111110  7.002801120448179E-4
0110101101  7.002801120448179E-4
0000000111  7.002801120448179E-4
0000000110  7.002801120448179E-4
0110101111  7.002801120448179E-4
11111001001  7.002801120448179E-4
0110101110  7.002801120448179E-4
11111001000  7.002801120448179E-4
0110000111  7.002801120448179E-4
0110000110  7.002801120448179E-4
11111100110  7.002801120448179E-4
0101111101  7.002801120448179E-4
11100110111  7.002801120448179E-4
11111100111  7.002801120448179E-4
0101111100  7.002801120448179E-4
11100110110  7.002801120448179E-4
10111111001  7.002801120448179E-4
11101010001  7.002801120448179E-4
0111111100  7.002801120448179E-4
0111111101  7.002801120448179E-4
10111111000  7.002801120448179E-4
11101010000  7.002801120448179E-4
0010111000  7.002801120448179E-4
0010111001  7.002801120448179E-4
0001101111  7.002801120448179E-4
0111011001  7.002801120448179E-4
0111011000  7.002801120448179E-4
11100011000  7.002801120448179E-4
11100011001  7.002801120448179E-4
10111111010  7.002801120448179E-4
10111111011  7.002801120448179E-4
11101010010  7.002801120448179E-4
11101010011  7.002801120448179E-4
0001101110  7.002801120448179E-4
0010111010  7.002801120448179E-4
0010111011  7.002801120448179E-4
0001101101  7.002801120448179E-4
0001101100  7.002801120448179E-4
0111011011  7.002801120448179E-4
0111011010  7.002801120448179E-4
11001010111  7.002801120448179E-4
11001010110  7.002801120448179E-4
11011110110  7.002801120448179E-4
11011110111  7.002801120448179E-4
11001010101  7.002801120448179E-4
11001010100  7.002801120448179E-4
11011110100  7.002801120448179E-4
11011110101  7.002801120448179E-4
