0110111  0.01
0110110  0.01
0110101  0.01
0011011  0.009
0100101  0.009
0011000  0.0085
0011001  0.0085
0001001  0.008
0001000  0.008
0001010  0.008
0001011  0.008
0001100  0.008
0001101  0.008
0000001  0.0075
0000000  0.0075
1111110  0.0075
1111111  0.0075
1111011  0.0075
1111101  0.0075
1110101  0.007
1110100  0.007
1110110  0.007
1110111  0.007
1111001  0.007
1111000  0.007
1010111  0.0065
1011001  0.0065
1011000  0.0065
1011010  0.0065
1011011  0.0065
1011100  0.0065
1011101  0.0065
1011110  0.0065
1011111  0.0065
1100000  0.0065
1100001  0.0065
1010110  0.006
1010100  0.006
1010101  0.006
1010000  0.006
1010001  0.006
1001111  0.006
1001110  0.006
1001100  0.006
1001101  0.006
1001000  0.006
01110111  0.0055
01110110  0.0055
01111011  0.0055
01111000  0.0055
01111001  0.0055
01110100  0.0055
01110101  0.0055
01111010  0.0055
01110011  0.0055
01111110  0.0055
01111111  0.0055
01111100  0.0055
01111101  0.0055
1000010  0.0055
1000001  0.0055
01011001  0.005
01100011  0.005
01011000  0.005
01110000  0.005
01110001  0.005
01011100  0.005
01011010  0.005
01011101  0.005
01011011  0.005
01110010  0.005
01101001  0.005
01100000  0.005
01100001  0.005
01100101  0.005
01100100  0.005
01011111  0.005
01011110  0.005
01001101  0.0045
01001100  0.0045
01001001  0.0045
01001000  0.0045
01001111  0.0045
01001110  0.0045
01000000  0.0045
01000001  0.0045
01000101  0.0045
01000100  0.0045
01000011  0.0045
01000010  0.0045
01000111  0.0045
01000110  0.0045
00111001  0.0045
00111011  0.0045
00111010  0.0045
00111111  0.0045
00111110  0.0045
00111100  0.0045
00111101  0.0045
00110101  0.0045
00111000  0.0045
00011111  0.004
00011110  0.004
00001000  0.004
00101011  0.004
00101010  0.004
00011101  0.004
00011100  0.004
00001010  0.004
00001011  0.004
00001001  0.004
00101100  0.004
00100110  0.004
00100101  0.004
00100100  0.004
00101111  0.004
00101110  0.004
00101101  0.004
00000101  0.004
00000100  0.004
11111001  0.004
00101001  0.004
11001101  0.0035
11001100  0.0035
11100000  0.0035
11001011  0.0035
11001010  0.0035
11010111  0.0035
11010110  0.0035
11001001  0.0035
11011111  0.0035
11011110  0.0035
11001110  0.0035
11001111  0.0035
11011101  0.0035
11011100  0.0035
11100111  0.0035
11100010  0.0035
11100011  0.0035
11100110  0.0035
11100101  0.0035
11100100  0.0035
11100001  0.0035
11010011  0.0035
11010010  0.0035
11010100  0.0035
11010101  0.0035
11001000  0.0035
11000101  0.0035
11010000  0.0035
11010001  0.0035
11110100  0.0035
11110101  0.0035
11000110  0.0035
11000111  0.0035
11111000  0.0035
11011000  0.0035
11011001  0.0035
11011010  0.0035
10000110  0.003
10000111  0.003
10010010  0.003
10010011  0.003
10000001  0.003
10100100  0.003
10100101  0.003
10001100  0.003
10100110  0.003
10100111  0.003
11000100  0.003
10001010  0.003
10001011  0.003
10001111  0.003
10001110  0.003
10001101  0.003
10001001  0.003
10001000  0.003
10010100  0.003
010100111  0.0025
010100110  0.0025
010101101  0.0025
010101100  0.0025
010101110  0.0025
010101111  0.0025
011010000  0.0025
011010001  0.0025
10000000  0.0025
010100100  0.0025
010100101  0.0025
011001100  0.0025
011001101  0.0025
011001111  0.0025
010101010  0.0025
010101011  0.0025
011001110  0.0025
010101000  0.0025
010101001  0.0025
010100010  0.0025
010100011  0.0025
010100000  0.0025
010100001  0.0025
011000100  0.0025
000011011  0.002
000011010  0.002
000011000  0.002
000011001  0.002
000001100  0.002
000001101  0.002
110110111  0.002
000001110  0.002
001010001  0.002
001010000  0.002
000001111  0.002
001101000  0.002
001101001  0.002
001000110  0.002
001000111  0.002
001001110  0.002
001001111  0.002
001000001  0.002
001000000  0.002
001000100  0.002
001000101  0.002
001000011  0.002
001000010  0.002
000011100  0.002
110110110  0.0015
0110001011  0.0015
100101100  0.0015
100101101  0.0015
100101010  0.0015
100101011  0.0015
100101110  0.0015
0110001010  0.001
1001011111  0.001
0000111101  0.001
0000111100  0.001
0000111110  0.001
0000111111  0.001
0000111011  0.001
1001011110  5.0E-4
00001110101  5.0E-4
00001110100  5.0E-4
