0111  0.057905790579057904
0110  0.05730573057305731
01001  0.027002700270027002
11000  0.035703570357035704
11001  0.036003600360036005
10100  0.034503450345034506
10101  0.034503450345034506
10000  0.0297029702970297
10001  0.0318031803180318
11111  0.043504350435043505
111100  0.018001800180018002
111101  0.024302430243024302
0000  0.043804380438043806
01000  0.026102610261026102
0001  0.045004500450045004
0101  0.05730573057305731
10111  0.0354035403540354
10110  0.0351035103510351
11011  0.039003900390039
10011  0.0333033303330333
10010  0.032403240324032405
11101  0.04200420042004201
11100  0.041404140414041404
11010  0.0369036903690369
00100  0.024602460246024603
00101  0.025502550255025503
0011  0.0519051905190519
